0000000000101000010000010000010100000010100010000000010000000000000000010000001010000000001000000010
0001000000000000000000000000000000011000000001000000000000000110000000000001100100100000000000100000
0001000000000000000000000000000000010000000001000000000000000110000000000001100100100000000000100000
0000000000101000010000010000010100000010100000000100010000000000000001010000001010000100001000000010
0001000000000000000000000000000000011001000001000000000000000110000000000001100100100000000000100000
0000000000101000010000010000010100000010100000000100010000000000000001010000001010000100001000000010
0001000000000000000000000000000000011000000001000000000000000110000010000001100100100000000000100000
0001000000000000000000000001000000010000000101000000000000000110000000000001000101100000000100100000
0000000000101000010000010000010100000010100000000000010000000000000000010000001010000000001000000010
0001000000000000000000100000000000010000000001000000000000000110000000000001100100100000000000100000
0000000000101000010000010000010100000010100000000000010000000000000000010000001010000000001000000010
0101000000000000000000000000000000011000000001000000000000000110000000000001100100100000000000100000
0000000000101000010000010000010100000010100000010000010000000000000001010100001010000000001000000010
0001000000000000000000000000000000011000000001000000000010000110000000000001100100100000000000100000
0000000000101000010000010000010100000010100000000000010000000000000000010000001010000000001000000010
0000000000101000010000010000010100000010100000000100010000000000000001010000001010000100001000000010
0001000000000000000000000000000000011001000001000000000000000110000000000001100100100000000000100000
1000000000010000000010000000000011110100000001000000001000000000100000000010010100000000100010100000
0001000000000000000000000000000000011000000001000000000000000110000000000001100100100000000000100000
0001000000000000000000000000000000011000000001000000000000000110000000000001100100100000000000100000
0000000000101000010000010000010100000010100000000000010000000000000001010100001010000000001000000010
0001000000000000000100000000000000011000000001000000000010000110000000000001100100100000000000100000
0000000000101000010000010000010100000010100000000000010000000000010001010000001010000000001000000010
0001000000000000000000000000000000011000000001000000000010000110000000000001100100100000000000100000
0001010001000000000000000000000000010000000001000000000000000100000100000000000100100011000000100000
0001000000000000000000000001000000010000000101000000000000000110000000000001000101100000000100100000
0000000000101001010000010000010100000010100000000000010000000000000000010000001010000000001000000010
0001010001000000000000000000000000010000000001000000000000000100000100000000000100100001000000100000
0000000000101000010000010000010100000010100000000000010000000000010001010000001010000000001000000010
0001010001000000000000000000000000010000000001000000000000000100000100000000000100100001000000100000
0000000000101001010000010000010100000010100000000000010000000000000000010000001010000000001000000010
0001000000000000000000000000000000011000000001000000000010000110000000000001100100100000000000100000
0000000000101000010000010000010100000010100000000000010000000000000000010000001010000000001000000010
0001000000000000000000000000000000011000000001000000000000000110000000000001100100100000000000100000
0001000000000000000000000000000000010000000001000000000000000110000000000001100100100000000000100000
0000000000101000010000010000010100000010100000000000010000000000000001010000001010000000001000000010
0000000000101000010000010000010100000010100000000000010000000000010001010000001010000000001000000010
0001000000000000000000000000000000011000000001000000000010000110000000000001100100100000000000100000
1000000000000000000010000010001010010100000001001000001000000000100000000010000100000000100001100000
0000000000101000010000010000010100000010100010000000010000000000000000010000001010000000001000000010
0001000000000000000100000000000000011000000001000000000010000110000000000001100100100000000000100000
0000000000101000010000010000010100000010100000000000010000000000000000010000001010000000001000000010
1000000000010000000010000000000011110100000001000000001000000000100000000010010100000000100010100000
0000000000101000010000010000010100000010100010000000010000000000000000010000001010000000001000000010
0001010001000000000000000000000000010000000001000000000000000100000100000000000100100011000000100000
0000000000101000010000010000010100000010100000000000010000000000010001010000001010000000001000000010
0000000000101000010000010000010100000010100000000000010000000000000001010000001010000000001000000010
0001000000000000000000000000000000010000000001000000000000100110000000000001100100100000000000100000
0000000000101000010000010000010100000010100000000000010000000000010001010000001010000000001000000010
0000000000101001010000010000010100000010110000000000010000000000000000010000001010000000001000000010
0001000000000000000000000001000000010000000101000000000000000110001000000001000101100000000000100000
0001000000000000000000000000000000011000000001000000000000000110000000000001100100100000010000100000
0001010001000000000000000000000000010000000001000000000000000100000100000000000100100001000000100000
0001000000000000000000000000000000011000000001000000000000000110000000000001100100100000000000100000
0001000000000000000000000001000000010000000101000000000000000110000000000001000101100000000000110000
0000000000101000010000010000010100000010100000000000010000000000000000010000001010000000001000000010
0000000000101000010000010000010100000010100000000000010000000000000000010000001010000000001000000010
0001010001000000000000000000000000010000000001000000000000000100000100000000000100100011000000100000
0001010001000000000000000000000000010000000001000000000000000100000100000000000100100011000000100000
0000000000101000010000010000010100000010100010000000010000000000000000010000001010000000001000000010
1000000000010000000010000000000011110100000001000000001000000000100000000010010100000000100010100000
0001000000000000000000000000000000011000000001000000000000000110000000000001100100100000000000100000
0001010001000000000000000000000000010000000001000000000000000100000100000000000100100011000000100000
0000000000101000010000010000010100000010100010000000010000000000000000010000001010000000001000000010
0001000000000000000000000001000000010000000101000000000000000110000000000001000101100000000100100000
1000000000000000000010000010001010010100000001001000001000000000100000000010000100000000100001100000
0001000000000000000000000000000000011000000001000000000000000110000000000001100100100000000000100000
0000000000101000010000010000010100000010100000000000010000000001000000010000001010000000001000000010
0001000000000000000000000001000000010000000101000000000000000110001000000001000101100000000000100000
0000000000101000010000010000010100000010100000000000010000000000000000010000001010000000001000000010
1000000000010000000010000000000011110100000001000000001000000000100000000010010100000000100010100000
0000000000101000010000010000010100000010100000000000010000000000010001010000001010000000001000000010
0001000000000000000000100000000000010000000001000000000000000110000000000001100100100000000000100000
0000000000101000010000010000010100000010100010000000010000000000000000010000001010000000001000000010
0000000000101000010000010000010100000010100000000000010000000000000001010100001010000000001000000010
0000000000101001010000010000010100000010100000000000010000000000000000010000001010000000001000000010
0001000000000000000000000000000000010000000001000000000000000110000000000001100100100000000000100000
0000001000101000010000010000010100000010100000000000010000000000010001010000001010000000001000000010
0001010001000000000001000000000000010000000001000000000000000100000100000000000100100011000000100000
0000000000101000010000010000010100000010100000000100010000000000000001010000001010000100001000000010
0000000000101000010000010000010100000010100000000000010000000000000000010000001010000000001000000010
0000000000101000010000010000010100000010100000000000010000000000000000010000001010000000001000000010
0001000000000000000000000000000000010000000001000000000000000110000000000001100100100000000000100000
0001010001000000000000000000000000010000000001000000000000000100000100000000000100100011000000100000
0001000000000000000000000000000000011000000001000000000010000110000000000001100100100000000000100000
0001000000000000000000000000000000011000000001000000000000000110000000000001100100100000000000100000
0001000000000000000000000000000000011000000001000000000000000110000000000001100100100000000000100000
0001000000000000000000000000000000011001000001000000000000000110000000000001100100100000000000100000
0000000000101000010000010000010100000010100000000100010000000000000001010000001010000100001000000010
0001000000000000000000000000000000011000000001000000000010000110000000000001100100100000000000100000
0000000000101000010000010000010100000010100000000000010000000000000000010000001010000000001000000010
0001000000000000000000000000000000011000000001000000000010000110000000000001100100100000000000100000
0000000000101000010000010000010100000010100000000000010001000000000000010000001010000000001000000010
0001000000000000000000000000000000011000000001000000000010000110000000000001100100100000000000100000
0000000000101000010000010000010100000010100010000000010000000000000000010000001010000000001000000010
0000001000101000010000010000010100000010100000000000010000000000010001010000001010000000001000000010
0001000000000000000000000000000000011000000001000001000010000110000000000001100100100000000000100000
0000000000101000010000010000010100000010100000000000010000000000000000010000001010000000001000000010
0000000000101001010000010000010100000010100000000000010000000000000000010000001010000000001000000010
0000000000101000010000010000010100000010100010000000010000000000000000010000001010000000001000000010
0001010001000000000000000000000000010000000001000000000000000100000100000000000100100001000000100000
0000000000101000010000010000010100000010100000000100010000000000000001010000001010000100001000000010
0001000000000000000000000001000000010000000101000000000000000110000000000001000101100000000000110000
1000000000010000000010000000000011110100000001000000001000000000100000000010010100000000100010100000
0000000000101000010000010000010100000010100000000000010000000000000000010000001010000000001000000010
0001000000000000000000000000000000011000000001000000000010000110000000000001100100100000000000100000
0000000000101000010000010000010100000010100010000000010000000000000000010000001010000000001000000010
0000000000101000010000010000010100000010100000000000010000000000000000010000001010000000001000000010
0001000000000000000000000000000000011000000001000000000010000110000000000001100100100000000000100000
0000000000101000010000010000010100000010100000000000010000000000000001010100001010000000001000000010
1000000000010000000010000000000011110100000001000000001000000000100000000010010100000000100010100000
0000000000101000010000010000010100000010100010000000010000000000000000010000001010000000001000000010
0001000000000000000000000001000000010000000101000000000000000110000000000001000101100000000000110000
0001000000000000000000000000000000011000000001000000000000000110000000000001100100100000000000100000
0000000000101000010000010000010100000010100010000000010000000000000000010000001010000000001000000010
0000000000101000010000011000010100000010100000000000010001000000000000010000001010000000001000000010
1000000000000000000010000010001010010100000001001000001000000000100000000010000100000000100001100000
0000000000101000010000010000010100000010100000000000010000000000000000010000001010000000001000000010
0000000000101000010000010000010100000010100010000000010000000000000000010000001010000000001000000010
0001010001000000000000000000000000010000000001000000000000000100000100000000000100100001000000100000
0001000000000000000000000000000000011000000001000000000010000110000000000001100100100000000000100000
0000000000101000010000010000010100000010100000000000010000000000000000010000001010000000001000000010
0000000000101001010000010000010100000010100000000000010000000000000000010000001010000000001000000010
0011010001000000000000000000000000010000000001000000000000000100000100000000000100100001000000100000
0001000000000000000000000000000000011000000001000000000000000110000000000001100100100000000000100000
0001000000000000000000000000000000011001000001000000000000000110000000000001100100100000000000100000
0001010001000000000000000000000000010000000001000000000000000100000100000000000100100001000000100000
0000000000101000010000010000010100000010100000000100010000000000000001010000001010000100001000000010
1000000000000000000010000010001010010100000001001000001000000000100000000010000100000000100001100000
0000000000101000010000010000010100000010100000000100010000000000000001010000001010000100001000000010
0001010001000000000000000000000000010000000001000000000000000100000100000000000100100011000000100000
0000000000101000010000010000110100000010100000000000010000000000010001010000001010000000001000000010
0101000000000000000000000000000000011000000001000000000000000110000000000001100100100000000000100000
0000000000101000010000010000110100000010100000000000010000000000010001010000001010000000001000000010
0001010001000000000000000000000000010000000001000000000000000100000100000000000100100001000000100000
0000000000101000010000010000010100000010100000000100010100000000000001010000001010000100001000000010
0000000000101000010000010000010100000010100000000000010000000000000001010000001010000000001000000010
0001000000000000000000000001000000010000000101000000000000000110000000000001000101100000000000110000
0001000000000000000000000000000000011000000001000000000000000110000000000001100100100000000000100000
0000000000101000010000010000010100000010100000000000010000000000000000010000001010000000001000000010
0001000000000000000000000000000000011000000001000000000000000110000000000001100100100000000000100000
0001000000000000000000000000000000011000000001000000000000000110000000000001100100100000000000100000
0000000000101000010000010000010100000010100000000000010000000000000000010000001010000000001000000010
0000000000101000010000010000010100000010100000000000010000000000000000010000001010000000001000000010
0001010001000000000000000000000000010000000001000000000000000100000100000000000100100001000000100000
0001000000000000000000000000000000011000000001000000000000000110000000000001100100100000000000100000
0001010001000000000000000000000000010000000001000000000000000100000100000000000100100011000000100000
0000000000101000010000010000010100000010100000000000010000000000010001010000001010000000001000000010
0000000000101000010000010000010100000010100000000000010000000000000001010100001010000000001000000010
0001010001000000000000000000000000010000000001000000000000000100000100000000000100100011000000100000
0001000000000000000000000000000000011000000001000000000000000110000000000001100100100000000000100000
0001000000000000000000000000000000011000000001000000000000000110000000000001100100100000000000100000
0001000000000000000000000001000000010000000101000000000000000110001000000001000101100000000000100000
0000000000101000010000010000010100000010100010000000010000000000000000010000001010000000001000000010
1000000000010000000010000000000011110100000001000000001000000000100000000010010100000000100010100000
0000000000101000010000010000010100000010100000000000010000000000000000010000001010000000001000000010
0001000000000000000000000000000000011000000001000000000000000110000000000001100100100000000000100000
0000000000101000010000010000010100000010100000000000010000000000000001010100001010000000001000000010
0001000000000000000000000000000000011000001001000000000000000110000000000001100100100000000000100000
0000000000101000010000010000010100000010100000000000010000000000000000010000001010000000001000000010
0001000000000000000000000000000000011000000001000000000010000110000000000001100100100000000000100000
0001010001000000000000000000000000010000000001000000000000000100000100000000000100100001000000100000
0001000000000000000000000000000000011000000001000000000010000110000000000001100100100000000000100000
0000000000101000010000010000010100000010100010000000010000000000000000010000001010000000001000000010
0001000000000000000000000000000000011000000001000000000000000110000000000001100100100000000000100000
0000000000101000010000011000010100000010100000000000010001000000000000010000001010000000001000000010
0001010001000000000000000000000000010000000001000000000000000100000100000000000100100001000000100000
0001000000000000000000000001000000010000000101000000000000000110001000000001000101100000000000100000
0000100000101001010000010000010100000010100000000000010000000000000000010000001010000000001000000010
0001000000000000000000000000000000011000000001000000000000000110000000000001100100100000000000100000
0001000000000000000000000001000000010000000101000000000000000110000000000001000101100000000000110000
0000000000101000010000010000010100000010100000000000010000000000000000010000001010000000001000000010
0001010001000000000000000000000000010000000001000000000000000100000100000000000100100011000000100000
0000000000101000010000010000010100000010100000000000010000000000000001010000001010000000001000000010
0011010001000000000000000000000000010000000001000000000000000100000100000000000100100001000000100000
0001000000000000000000000000000000011000000001000000000000000110000000000001100100100000000000100000
0000000000101000010000010000010100000010100000000000010000000000000000010000001010000000001000000010
0000000000101000010000010000010100000010100000000000010000000000010001010000001010000000001000000010
0001000000000000000000000000000000010000000001000000000000000110000000000001100100100000000000100000
0000000000101000010000010000010100000010100000000000010000000000000000010000001010000000001000000010
0101000000000000000000000000000000011000000001000000000000000110000000000001100100100000000000100000
0001000000000000000000000000000000011000000001000000000000000110000000000001100100100000000000100000
0000000000101000010000010000010100000010100000000000010000010000000001010100001010000000001000000010
0001010001000000000000000000000000010000000001000000000000000100000100000000000100100011000000100000
1000000000010000000010000000000011110100000001000000001000000000100000000010010100000000100010100000
0001000000000000000000000000000000011000000001000000000000000110000000000001100100100000000000100000
0000000000101000010000010000010100000010100000000000010000000000000000010000001010000000001000000010
0000000000101001010000010000010100000010100000000000010000000000000000010000001010000000001000000010
0000000000101000010000010000010100000010100000000000010000000000000001010100001010000000001000000010
0001000000000000000000000000000000011000000001000000000000000110000000000001100100100000000000100000
0001000000000000000000000000000000011000000001000000000000000110000000000001100100100000000000100000
0000000000101000010000010000010100000010100000000000010000000000000000010000001010000000001000000010
0001000000000000000000000000000000011000000001000000000010000110000000000001100100100000000000100000
1000000000000000000010000010001010010100000001001000001000000000100000000010000100000000100001100000
0001010001000000000000000000000000010000000001000000000000000100000100000000000100100011000000100000
0000000000101000110000010000010100000010100000000000010001000000000000010000001010000000001000000010
0000000000101000010000010000010100000010100010000000010000000000000000010000001010000000001000000010
0001000000000000000000000000000000010000000001000000000000000110000000000001100100100000000000100000
0001000000000000000000000000000000011000000001000000000000000110000000000001100100100000000000100000
0001000000000000000000100000000000010000000001000000000000000110000000000001100100100000000000100000
0000000000101000010000010000010100000010100000000000010000000000010001010000001010000000001000000010
0000000000101000010000010000010100000010100010000000010000000000000000010000001010000000001000000010
0000000000101000010000010000010100000010100010000000010000001000000000010000001010000000001000000010
0000000000101000010000010000010100000010100000000000010000000000000000010000001010000000001000000010
0001000000000000000000000000000000011000000001000000000000000110000000000001100100100000000000100000
0000000000101000010000010000010100000010100000000000010001000000000000010000001010000000001000000010
0000000000101000010000010000010100000010100000000000010000000000000000010000001010000000001000000010
1000000000000000000010000010001010010100000001001000001000000000100000000010000100000000100001100000
0001000000000000000000000000000000011000000001000000000010000110000000000001100100100000000000100000
0101000000000000000000000000000000011000000001000000000000000110000000100001100100100000000000100000
0000000000101000010000010000010100000010100010000000010000001000000000010000001010000000001000000010
0000000000101001010000010000010100000010100000000000010000000000000000010000001010000000001000000010
0000000000101000011000011000010100000010100000000000010001000000000000010000001010000000001000000010
0000000000101000010000010000010100000010100010000000010000000000000000010000001010000000001000000010
0000000000101000010000010000110100000010100000000000010000000000010001010000001010000000001000000010
0001010001000000000000000000000000010000000001000000000000000100000100000000000100100001000000100000
0001000000000000000000000001000000010000000101000000000000000110000000000001000101100000000100100000
0000000000101000010000011000010100000010100000000000010001000000000000010000001010000000001000000010
0001000000000000000000000000000000011000000001000000000000000110000000000001100100100000000000100000
0001010001000000000000000000000000010000000001000000000000000100000100000000000100100001000000100000
0001010001000000000000000000000000010000000001000000000000000100000100000000000100100001000000100000
0000000000101000010000010000010100000010100000000000010000000000000000010000001010000000001000000010
0000000000101000010000010000010100000010100000000000010000000000000000010000001010000000001000000010
0000000000101000010000010000010100000010100000000000010000000000010001010000001010000000001000000010
0001000000000000000000000001000000010000000101000000000000000110000000000001000101100000000000110000
0000000000101000010000010000010100000010100000000000010000000000000000010000001010000000001000000010
0000000000101100010000010000010100000010100010000000010000000000000000010000001010000000001000000010
0000000000101000010000010000010100000010100000000000010000000000000000010000001010000000001000000010
0000000000101000010000010000010100000010100000000000010000000000000000010000001010000000001000000010
0000000000101100010000010000010100000010100010000000010000000000000000010000001010000000001000000010
0000000000101000010000010000010100000010100000000000010000000000000000010000001010000000001000000010
0000000000101000010000010000010100000010100000000000010000000000000001010100001010000000001000000010
0000000000101000010000010000010100000010100000000000010000000000000001010000001010000000001000000010
0001000000000000000000000000000000011000000001000000000010000110000000000001100100100000000000100000
0000000000101000010000010000010100000010100000000000010000000000000000010000001010000000001000000010
0000000000101000010000010000010100000010100010000000010000000000000000010000001010000000001000000010
0000000000101000010000010000010100000010100010000000010000000000000000010000001010000000001000000010
0000000000101000010000010000010100000010100000000000010000000000000000010000001010000000001000000010
0000000000101000010000010000010100000010100000000010010001000000000000010000001010000000001000000010
1000000000000000000010000010000010010100000001001000001000000000100000000010000100000000100000100000
0001010001000000000000000000000000010000000001000000000000000100000100000000000100100001000000100000
0000000000101000010000010000010100000010100000000000010000000000000001010000001010000000001000000010
0000000000101000010000010000010100000010100010000000010000000000000000010000001010000000001000000010
0001000000000000000000000000000000010000000001000000000000000110000000000001100100100000000000100000
0000001000101000010000010000010100000010100000000000010000000000010001010000001010000000001000000010
1000000000010000000010000000000011110100000001000000001000000000100000000010010100000000100010100000
0000000000101000010000010000010100000010100000000000010000000000010001010000001010000000001000000010
0001000000000000000000000000000000011000000001000000000000000110000000000001100100100000000000100000
0001010001000000000000000000000000010000000001000000000000000100000100000000000100100001000000100000
0000000000101000010000010000010100000010100000000000010000000000010001010000001010000000001000000010
0000000000101001010000010000010100000010100000000000010000000000000000010000001010000000001000000010
0000000000101000010000010000010100000010100000000000010000000000000000010000001010000000001000000010
0000000000101000010000010000010100000010100000000000010000000000000000010000001010000000001000000010
0001000000000000000000000000000000011000000001000000000000000110000000000001100100100000000000100000
0000000000101010010000010000010100000010100000000000010000000000000000010000001010000000001000000010
0000000000101001010000010000010100000010100000000000010000000000000000010000001010000000001000000010
0001000000000000000000000000000000011000000001100000000000000110000000000001100100100000010000100000
0001000000000000000000000000000000011000000001000000000000000110000000000001100100100000000000100000
0000000000101000010000010000010100000010100000000000010000000000000000010000001010000000001000000010
0000000000101000010000010000010100000010100000000000010000000000000000010000001010000000001000000010
0001000000000000000000000000000000011000000001000000000010000110000000000001100100100000000000100000
0001000000000000000100000000000000011000000001000000000010000110000000000001100100100000000000100000
0011010001000000000000000000000000010000000001000000000000000100000100000000000100100001000000100000
0001010001000000000000000000000000010000000001000000000000000100000100000000000100100001000000100000
0000000000101000010000010000010100000010100000000000010000010000000001010100001010000000001000000010
1000000000000000000010000010001010010100000001001000001000000000100000000010000100000000100001100000
0000000000101000010000010000010100000010100000000000010000000000010001010000001010000000001000000010
0101000000000000000000000100000000011000000001000000000000000110000000000001100100100000000000100000
0001000000000000000000000000000000011000000001000000000000000110000000000001100100100000010000100000
0000000000101000010000010000010100000010100000000000010000000000000000010000001010000000001000000010
0000000000101000010000010000010100000010100000000000010000000000010001010000001010000000001000000010
0000000000101000010000010000010100000010100000000000010000000000000000010000001010000000001000000010
0001000000000000000000000000000000010000000001000000000000000110000000000001100100100000000000101000
0001010001000000000000000000000000010000000001000000000000000100000100000000000100100001000000100000
0000000000101000010000010000010100000010100010000000010000000000000000010000001010000000001000000010
0000000000101000010000010000010100000010100000000000010000000000010001010000001010000000001000000010
0001010001000000000000000000000000010000000001000000000000000100000100000000000100100001000000100000
0000000000101000010000010000010100000010100000010000010000000000000001010100001010000000001000000010
0000001000101000010000010000010100000010100000000000010000000000010001010000001010000000001000000010
0001000000000000000000000000000000011000000001000000000000000110000000000001100100100000000000100000
0000000000101000010000010000010100000010100000000000010000000000000000010000001010000000001000000010
0000000000101000010000011000010100000010100000000000010001000000000000010000001010000000001000000010
0001000000000000000000000000000000010000000001000000000000000110000000000001100100100000000000100000
1000000000000000000010000010001010010100000001001000001000000000100000000010000100000000100001100000
0001000000000000000000000000000000011000000001000000000000000110000010000001100100100000000000100000
0000000000101000010000010000010100000010100000000000010000010000000001010100001010000000001000000010
0000000000101000010000010000010100000010100010000000010000001000000000010000001010000000001000000010
0001000000000000000000100000000000010000000001000000000000000110000000000001100100100000000000100000
0001000000000000000000000000000000011000000001000000000010000110000000000001100100100000000000100000
0001000000000000000000000000000000011000000001000000000000000110000000000001100100100000000000100000
0000000000101000010000010000010100000010100000000000010000000000000000010000001010000000001000000010
0001000000000000000000000001000000010000000101000000000000000110000000000001000101100000000100100000
0000000000101000010000010000010100000010100000000000010000000000000000010000001010000000001000000010
1000000000010000000010000000000011110100000001000000001000000000100000000010010100000000100010100000
0000000000101000010000010000010100000010100000000000010000000000000000010000001010000000001000000010
0000000000101000010000010000010100000010100000000000010000000000000000010000001010000000001000000010
0001010001000000000000000000000000010000000001000000000000000100000100000000000100100001000000100000
0011010001000000000000000000000000010000000001000000000000000100000100000000000100100001000000100000
1000000000000000000010000010000010010100000001001000001000000000100000000010000100000000100000100000
0001010001000000000001000000000000010000000001000000000000000100000100000000000100100011000000100000
0000000000101000110000010000010100000010100000000000010001000000000000010000001010000000001000000010
0000000000101000010000010000010100000010100000000000010000000000000000010000001010000000001000000010
0001000000000000000000000000000000011000000001000000000000000110000000000001100100100000000000100000
0000000000101000010000010000010100000010100010000000010000000000000000010000001010000000001000000010
0001000000000000000000000000000000011000000001000000000000000110000000000001100100100000000000100000
0001010001000000000000000000000000010000000001000000000000000100000100000000000100100001000000100000
0001000000000000000000000001000000010000000101000000000000000110001000000001000101100000000000100000
0001010001000000000000000000000000010000000001000000000000000100000100000000000100100011000000100000
0000000000101000010000010000010100000010100000000000010000000000000000010000001010000000001000000010
0001000000000000000000000000000000011000000001000000000000000110000000000001100100100000000000100000
0000000000101000010000010000010100000010100000000000010000000000000000010000001010000000001000000010
0000000000101000010000010000010100000010100000000000010000000000000000010000001010000000001000000010
0001000000000000000000000000000000010000000001000000000000000110000000000001100100100000000000101000
0001000100000000000000000000000000011000000001000000000000000110000000000001100100100000000000100000
0000000000101000010000010000010100000010100000000000010000000000000001010100001010000000001000000010
0000000000101000010000010000010100000010100000000000010001000000000000010000001010000000001000000010
0001000000000000000000000000000000011000000001000000000010000110000000000001100100100000000000100000
0000000000101000010000010000010100000010100000000000010000000000010001010000001010000000001000000010
0000000000101000010000010000010100000010100000000000010000000000000000010000001010000000001000000010
0001000000000000000000000000000000011000000001100000000000000110000000000001100100100000010000100000
0001000000000000000000000001000000010000000101000000000000000110000000000001000101100000000000110000
0000000000101000010000010000010100000010100000000100010000000000000001010000001010000100001000000010
0001000000000000000000000000000000011000000001000000000010000110000000000001100100100000000000100000
0000000000101000010000010000010100000010100000000000010000000000000001010100001010000000001000000010
0001000000000000000000000000000000011000000001000000000000000110000000000001100100100000000000100000
0000000000101000010000010000010100000010100000000000010000010000000001010100001010000000001000000010
1000000000000000000010000010001010010100000001001000001000000000100000000010000100000000100001100000
1000000000010000000010000000000011110100000001000000001000000000100000000010010100000000100010100000
0011010001000000000000000000000000010000000001000000000000000100000100000000000100100001000000100000
0000000000101000010000010000010100000010100000000000010000000000000000010000001010000000001000000010
0001010001000000000000000000000000010000000001000000000000000100000100000000000100100001000000100000
0001010001000000000000000000000000010000000001000000000000000100000100000000000100100001000000100000
0001000000000000000000000000000000011000000001000000000000000110000000000001100100100000000000100000
0001010001000000000000000000000000010000000001000000000000000100000100000000000100100001000000100000
0000000000101000010000010000010100000010100000000000010000000000000001010000001010000000001000000010
0011010001000000000000000000000000010000000001000000000000000100000100000000000100100001000000100000
0000000000101000010000010000010100000010100010000000010000000000000000010000001010000000001000000010
0001010001000000000000000000000000010000000001000000000000000100000100000000000100100001000000100000
0001000000000000000000000000000000011000000001000000000010000110000000000001100100100000000000100000
0001000000000000000000000001000000010000000101000000000000000110001000000001000101100000000000100000
0001000000000000000000000000000000010000000001000000100000000110000000001001100100100000000000100000
0000000000101000010000010000010100000010100000000000010000000000000000010000001010000000001000000010
0000000000101000010000010000010100000010100000000000010000000000000000010000001010000000001000000010
1000000000010000000010000000000011110100000001000000001000000000100000000010010100000000100010100000
0101000000000000000000000000000000011000000001000000000000000110000000000001100100100000000000100000
0000000000101000010000010000010100000010100000000000010000000000000000010000001010000000001000000010
0011010001000000000000000000000000010000000001000000000000000100000100000000000100100001000000100000
0001000000000000000000000000000000011000000001000000000000000110000000000001100100100000000000100000
0001000000000000000000000000000000011000000001000000000000000110000000000001100100100000000000100000
0000000000101000010000010000010100000010100000000100010000000000000001010000001010000100001000000010
0001010001000000000000000000000000010000000001000000000000000100000100000000000100100001000000100000
0001000000000000000000000001000000010000000101000000000000000110000000000001000101100000000100100000
0001000000000000000000000000000000011000000001000000000000000110000000000001100100100000000000100000
0001000000000000000000000000000000011000000001100000000000000110000000000001100100100000010000100000
0000000000101000010000010000010100000010100000000000010000000000000000010000001010000000001000000010
0000000000101000010000010000010100000010100000000000010000000000000000010000001010000000001000000010
0001010001000000000000000000000000010000000001000000000000000100000100000000000100100001000000100000
0001000000000000000000000001000000010000000101000000000000000110000000000001000101100000000100100000
0000000000101001010000010000010100000010100000000000010000000000000000010000001010000000001000000010
0000000000101001010000010000010100000010100000000000010000000000000000010000001010000000001000000010
0000000000101000010000010000010100000010100000000000010000000000010001010000001010000000001000000010
0001000000000000000000000000000000010000000001000000000000000110000000000001100100100000000000101000
0000000000101000010000010000010100000010100000000000010000000000000001010100001010000000001000000010
0101000000000000000000000000000000011000000001000000000000000110000000000001100100100000000000100000
0001000000000000000000000000000000011000000001000000000000000110000010000001100100100000000000100000
0001000000000000000000000001000000010000000101000000000000000110000000000001000101100000000000110000
0001000000000000000000000000000000011000000001000000000010000110000000000001100100100000000000100000
0000000000101001010000010000010100000010100000000000010000000000000000010000001010000000001000000010
0000000000101000010000010000010100000010100000000000010000000000010001010000001010000000001000000010
0000000000101000010000010000010100000010100000000000010000000000000001010100001010000000001000000010
0001010001000000000000000000000000010000000001000000000000000100000100000000000100100001000000100000
0001010001000000000000000000000000010000000001000000000000000100000100000000000100100011000000100000
0001000100000000000000000000000000011000000001000000000000000110000000000001100100100000000000100000
0000000000101000010000010000010100000010100000000000010000000000000000010000001010000000001000000010
0000000000101000010000010000110100000010100000000000010000000000010001010000001010000000001000000010
0001000000000000000000000000000000010000000001000000000000000110000000000001100100100000000000101100
0000000000101000010000010000010100000010100000000000010000010000000001010100001010000000001000000010
0001000000000000000000000000000000011000000001000000000010000110000000000001100100100000000000100000
0101000000000000000000000000000000011000000001000000000000000110000000000001100100100000000000100000
0101000000000000000000000000000000011000000001000000000000000110000000000001100100100000000000100000
0000000000101000010000010000010100000010100010000000010000000000000000010000001010000000001000000010
0000000000101001010000010000010100000010100000000000010000000000000000010000001010000000001000000010
0001000000000000000000000000000000011000000001000000000010000110000000000001100100100000000000100000
0000000000101000010000010000010100000010100000000000010000000000010001010000001010000000001000000010
0001000000000000000000000000000000011000000001000000000000000110000000000001100100100000000000100000
0001000000000000000000000000000000011000000001000000000010000110000000000001100100100000000000100000
0000000000101000010000010000010100000010100000000000010000000000000000010000001010000000001000000010
0001000000000000000000000000000000010000000001000000000000000110000000000001100100100000000000100000
0000000000101000010000010000010100000010100010000000010000000000000000010000001010000000001000000010
0000000000101000010000010000010100000010100000000000010001000000000000010000001010000000001000000010
0001010001000000000000000000000000010000000001000000000000000100000100000000000100100001000000100000
0001000000000000000000000000000000010000000001000000000000000110000000000001100100100000000000101100
0000000000101000010000010000010100000010100010000000010000000000000000010000001010000000001000000010
0001000000000000000000000001000000010000000101000000000000000110001000000001000101100000000000100000
0001000000000000000000000000000000011000000001000000000010000110000000000001100100100000000000100000
0001010001000000000000000000000000010000000001000000000000000100000100000000000100100001000000100000
0001010001000000000000000000000000010000000001000000000000000100000100000000000100100001000000100000
0001000000000000000000000000000000010000000001000000000000000110000000000001100100100000000000101000
0001010001000000000000000000000000010000000001000000000000000100000100000000000100100001000000100000
0001000000000000000000000000000000011000001001000000000000000110000000000001100100100000000000100000
0001000000000000000000000000000000011000000001000000000000000110000000000001100100100000000000100000
1000000000010000000010000000000011110100000001000000001000000000100000000010010100000000100010100000
0001000000000000000000000000000000010000000001000000000000100110000000000001100100100000000000100000
1000000000000000000010000010001010010100000001001000001000000000100000000010000100000000100001100000
0001000000000000000000000000000000011000000001000000000000000110000000000001100100100000000000100000
0001010001000000000000000000000000010000000001000000000000000100000100000000000100100011000000100000
0001000000000000000000000000000000011000000001000000000000000110000000000001100100100000000000100000
0000000000101000010000010000010100000010100000000000010000010000000001010100001010000000001000000010
0001000000000000000000000001000000010000000101000000000000000110000000000001000101100000000000100000
0000000000101000010000010000010100000010100000000000010000000000010001010000001010000000001000000011
0001000000000000000000000000000000011000000001000000000000000110000000000001100100100000000000100000
0001000000000000000000000000000000011000000001100000000000000110000000000001100100100000010000100000
0001000000000000000000000000000000011000000001000000000010000110000000000001100100100000000000100000
0000000000101001010000010000010100000010100000000000010000000000000000010000001010000000001000000010
0001000000000000000000000001000000010000000101000000000000000110001000000001000101100000000000100000
0000000000101000110000010000010100000010100000000000010001000000000000010000001010000000001000000010
0000000000101000010000010000010100000010100010000000010000000000000000010000001010000000001000000010
0001000000000000000000000000000000011000000001000000000000000110000000000001100100100000000000100000
0001010001000000000000000000000000010000000001000000000000000100000100000000000100100001000000100000
1000000000000000000010000010000010010100000001001000001000000000100000000010000100000000100000100000
0000000000101000010000010000010100000010100000000000010000000000000001010100001010000000001000000010
0000000000101000010000010000010100000010100000000100010000000000000001010000001010000100001000000010
0000000000101000010000010000010100000010100000000000010000000000000000010000001010000000001000000010
0001000000000000000000000000000000011000000001000000000000000110000000000001100100100000000000100000
0001000000000000000000000001000000010000000101000000000000000110001000000001000101100000000000100000
0000000000101000010000010000010100000010100000000000010000000000000000010000001010000000001000000010
0001010001000000000000000000000000010000000001000000000000000100000100000000000100100001000000100000
0001000000000000000000000000000000011000000001000000000000000110000000000001100100100000000000100000
1000000000000000000010000010001010010100000001001000001000000000100000000010000100000000100001100000
0101000000000000000000000000000000011000000001000000000000000110000000000001100100100000000000100000
0001010001000000000000000000000000010000000001000000000000000100000100000000000100100001000000100000
0000000000101000010000010000010100000010100000000000010000000000000000010000001010000000001000000010
0001000000000000000100000000000000011000000001000000000010000110000000000001100100100000000000100000
0001000000000000000000000001000000010000000101000000000000000110000000000001000101100000000100100000
0000000000101001010000010000010100000010100000000000010000000000000000010000001010000000001000000010
0001000000000000000000000000000000011000000001000000000000000110000000000001100100100000000000100000
0000000010101001010000010000010100000010100000000000010000000000000000010000001010000000001000000010
0001000000000000000000000000000000011000000001000000000000000110000000000001100100100000010000100000
0001010001000000000000000000000000010000000001000000000000000100000100000000000100100001000000100000
0001000000000000000000000000000000011000000001000000000000000110000000000001100100100000000000100000
0001000000000000000000000000000000011000000001000000000000000110000000000001100100110000000000100000
0001000000000000000000000001000000010000000101000000000000000110000000000001000101100000000000100000
0001000000000000000000000000000000011000000001000000000010000110000000000001100100100000000000100000
0000000000101000010000010000010100000010100000000000010000000000000000010000001010000000001000000010
0000000000101000010000010000010100000010100000000000010000000000000000010000001010000000001000000010
0000000000101000010000010000010100000010100010000000010000000000000000010000001010000000001000000010
0001010001000000000000000000000000010000000001000000000000000100000100000000000100100001000000100000
0101000000000000000000000000000000011000000001000000000000000110000000000001100100100000000000100000
0001000000000000000000000001000000010000000101000000000000000110000000000001000101100000000100100000
0001000000000000000000000000000000011000000001000000000000000110000000000001100100100000000000100000
0001000000000000000000000000000000011000000001000000000010000110000000000001100100100000000000100000
0001000000000000000000000000000000011000000001000000000010000110000000000001100100100000000000100000
0001000000000000000000000000000000010000000001000000000000000110000000000001100100100000000000100000
0000000000101000010000010000010100000010100000000000010000000000000001010100001010000000001000000010
0001000000000000000000000000000000011000001001000000000000000110000000000001100100100000000000100000
0001010001000000000000000000000000010000000001000000000000000100000100000000000100100001000000100000
0000000010101001010000010000010100000010100000000000010000000000000000010000001010000000001000000010
0001010001000000000000000000000000010000000001000000000000000100000100000000000100100001000000100000
0000100000101001010000010000010100000010100000000000010000000000000000010000001010000000001000000010
0001000000000000000000000000000000011000000001000000000000000110000000000001100100100000000000100000
0001000000000000000000000000000000010000000001000000000000000110000000000001100100100000000000100000
0000000000101000010000010000010100000010100000000000010000000000000000010000001010000000001000000010
0001000000000000000000000001000000010000000101000000000000000110001000000001000101100000000000100000
0001010001000000000000000000000000010000000001000000000000000100000100000000000100100001000000100000
0001010001000000000000000000000000010000000001000000000000000100000100000000000100100001000000100000
0000000000101001010000010000010100000010100000000000010000000000000000010000001010000000001000000010
0000000000101000010000010000010100000010100000000000010000000000000001010100001010000000001000000010
0001000000000000000000000000000000011000000001000000000010000110000000000001100100100000000000100000
0000000000101001010000010000010100000010100000000000010000000000000000010000001010000000001000000010
1000000000010000000010000000000011110100000001000000001000000000100000000010010100000000100010100000
0001010001000000000000000000000000010000000001000000000000000100000100000000000100100001000000100000
0000000000101000010000010000010100000010100000000000010000000000000000010000001010000000001000000010
0001010001000000000000000000000000010000000001000000000000000100000100000000000100100001000000100000
0001000000000000000000000001000000010000000101000000000000000110000000000001000101100000000100100000
0000000000101000010000010000010100000010100000000000010000000000010001010000001010000000001000000010
0001000000000000000000000000000000010000000001000000000000000110000000000001100100100000000000101100
0000000000101001010000010000010100000010100000000000010000000000000000010000001010000000001000000010
0000001000101000010000010000010100000010100000000000010000000000010001010000001010000000001000000010
0000000000101000010000010000010100000010100000000100010000000000000001010000001010000100001000000010
0001010001000000000000000000000000010000000001000000000000000100000100000000000100100001000000100000
0000000000101000010000010000010100000010100000000000010000000000000000010000001010000000001000000010
0000000010101001010000010000010100000010100000000000010000000000000000010000001010000000001000000010
0001010001000000000000000000000000010000000001000000000000000100000100000000000100100001000000100000
1000000000010000000010000000000011110100000001000000001000000000100000000010010100000000100010100000
0001000000000000000000000000000000011001000001000000000000000110000000000001100100100000000000100000
0001000000000000000000000000000000011000000001000000000000000110000000000001100100100000000000100000
0001000000000000000000000000000000011000000001000000000010000110000000000001100100100000000000100000
0000000000101000010000010000010100000010100000000100010000000000000001010000001010000100001000000010
0001000000000000000000000001000000010000000101000000000000000110000000000001000101100000000100100000
0001010001000000000000000000000000010000000001000000000000000100000100000000000100100001000000100000
0001000000000000000000100000000000010000000001000000000000000110000000000001100100100000000000100000
0001010001000000000000000000000000010000000001000000000000000100000100000000000100100011000000100000
0001010001000000000000000000000000010000000001000000000000000100000100000000000100101001000000100000
0000000000101000010000010000010100000010100000000000010000000000000000010000001010000000001000000010
0000000000101000010000010000010100000010100000000000010000000000000000010000001010000000001000000010
0000000000101000010000010000010100000010100000000000010000000000000000010000001010000000001000000010
0000000000101000010000010000010100000010100000000100010000000000000001010000001010000100001000000010
0001000000000000000000000000000000011000000001100000000000000110000000000001100100100000010000100000
0000000000101000010000010000010100000010100010000000010000000000000000010000001010000000001000000010
0000000000101000010000010000010100000010100010000000010000000000000000010000001010000000001000000010
