1010010100000000000010111001100101000110101000010001101110001100000100011110010010001111001001100101
0101000011101000011100000010011000001001010011001100010000110010111011100001101001100000110110001000
0101000010101010011100000110010000000001010011000100010000110011111011100001101101100000110110001010
0101000010101000011100000010010000000001010011000100010000110010111011000001101001100000110110001000
0101000011101000011100000010011000001001010011001100010000110010111011100001101001100000110110001000
0101000010101010011100000110010000000001010011000100010000110011111011100001101101100000110110001010
0101000010101000011100000010011000001001010011001100010000110010111011100001101001100000110110001000
1010010100000000000010111001100101000110101000010001101110001100000100011110010010001111001001100101
1010110100000000000010111001100101000110101000010001101110001100000100011110010010001111001001100101
0101000011101000011100000010011000001001010011001100010000110010111011100001101001100000110110001000
0101000011101000011100000010011000001001010011001100010000110010111011100001101001100000110110001000
1010010100000000000010111001100101000110101000010001101110001100000100011110010010001111001001100101
0101000011101100011100000010011000001001010011001100010000110010111011100001101001100000110110001000
0101000010101000011100000010011000001001010011001100010000110010111011100001101001100000110110001000
1010110100000000000010111001100101000110101000010001101110001100000100011110010010001111001001100101
1010110100000000000010111001100101000110101000010001101110001100000100011110010010001111001001100101
1010010100000000000010111001100101000110101000010001101110001100000100011110010010001111001001100101
0101000010101010011100000110010000000001010011000100010000110011111011100001101101100000110110001010
1010110100000000000010111001100101000110101000010001101110001100000100011110010010001111001001100101
0101000010101010011100000110010000000001010011000100010000110011111011100001101101100000110110001010
0101000010101010011100000110010000000001010011000100010000110011111011100001101101100000110110001010
0101000011101000011100000010011000001001010011001100010000110010111011100001101001100000110110001000
0101000010101010011100000110010000000001010011000100010000110011111011100001101101100000110110001010
1010010100000000000010111001100101000110101000010001101110001100000100011110010010001111001001100101
0101000010101010011100000110010000000001010011000100010000110011111011100001101101100000110110001010
0101000011101000011100000010011000001001010111001100010000110010111011100001101001100000110110001000
1010110100000000100010111001100101000110101000010001101110001100000100011110010010001111001001100101
0101000010101000011100000010011000001001010011001100010000110010111011100001101001100000110110001000
1010110100000000000010111001100101000110101000010001101110001100000100011110010010001111001001100101
0101000010101000011100000010010000000001010011000100010000110010111011000001101001100000110110001000
1010010100000000000010111001100101000110101000010001101110001100000100011110010010001111001001100101
0101000010101010011100000110010000000001010011000100010000110011111011100001101101100000110110001010
1010110100000000000010111001100101000110101000010001101110001100000100011110010010001111001001100101
0101000011101000011100000010011000001001010011001100010000110010111011100001101001100000110110001000
0101000011101000011100000010011000001001010111001100010000110010111011100001101001100000110110001000
0101000011101000011100000010011000001001010011001100010000110010111011100001101001110000110110001000
1010110100000000000010111001100101000110101000010001101110001100000100011110010010001111001001100101
1010110100000000000010111001100101000110101000010001101110001100000100011110010010001111001001100101
1010010100000000000010111001100101000110101000010001101110001100000100011110010010001111001001100101
0101000011101000011100000010011000001001010011001100010000110010111011100001101001100000110110001000
0101000010101010011100000110010000000001010011000100010000110011111011100001101101100000110110001010
1010011100000000000010111001100101000110101000010001101110001100000100011110010010001111001001100101
1010110100000000000010111001100101000110101000010001101110001100000100011110010010001111001001100101
1010010100000000000010111001100101000110101000010001101110001100000100011110010010001111001001100101
1010110100000000000010111001100101000110101000010001101110001100000100011110010010001111001001100101
0101000010101010011100000110010000000001010011000100010000110011111011100001101101100000110110001010
0101000010101000011100000010010000000001010011000100010000110010111011000001101001100000110110001000
0101000010101010011100000110010000000001010011000100010000110011111011100001101101100000110110001010
1010110100000000000010111001100101000110101000010001101110001100000100011110010010001111001001100101
0101000010101010011100000110010000000001010011000100010000110011111011100001101101100000110110001010
1010110100000000000010111001100101000110101000010001101110001100000100011110010010001111001001100101
0101000011101000011100000010011000001001010011001100010000110010111011100001101001100000110110001000
1010110100000000000010111001100101000110101000010001101110001100000100011110010010001111001001100101
0101000010101010011101000110010000000001010011000100010000110011111011100001101101100000110110001010
0101000010101010011100000110010000000001010011000100010000110011111011100001101101100000110110001010
0101000010101010011100000110010000000001010011000100010000110011111011100001101101100000110110001010
1010110100000000000010111001100101000110101000010001101110001100000100011110010010001111001001100101
1010010100000000000010111001100101000110101000010001101110001100000100011110010010001111001001100101
0101000011101000011100000010011000001001010011001100010000110010111011100001101001100000110110001000
0101000011101000011100000010011000001001010111001100010000110010111011100001101001100000110110001000
1010110100000000000010111001100101000110101000010001101110001100000100011110010010001111001001100101
0101000011101000011100000010011000001001010011101100010000110010111011100001101001100000110110001000
1010110100000000000010111001100101000110101000010001101110001100000100011110010010001111001001100101
1010110100000000000010111001100101000110101000010001101110001100000100011110010010001111001001100101
0101000010101010011100000110010000000001010011000100010000110011111011100001101101100000110110001010
1010010100000000000010111001100101000110101000010001101110001100000100011110010010001111001001100101
1010110100000000000010111001100101000110101000010001101110001100000100011110010010001111001001100101
0101000011101000011100000010011000001001010011101100010000110010111011100001101001100000110110001000
0101000010101010011100000110010000000001010011000100010000110011111011100001101101100000110110001010
1010010100000000000010111001100101000110101000010001101110001100000100011110010010001111001001100101
0101000011101000011100000010011000001001010111001100010000110010111011100001101001100000110110001000
1010110100000000000010111001100101000110101000010001101110001100000100011110010010001111001001100101
0101000010101010011100000110010000000001010011000100010000110011111011100001101101100000110110001010
0101000010101011011100000110010000000001010011000100010000110011111011100001101101100000110110001010
1010010100000000000010111001100101000110101000010001101110001100000100011110010010001111001001100101
1010110100000000000010111001100101000110101000010001101110001100000100011110010010001111001001100101
1010010100000000000010111001100101000110101000010001101110001100000100011110010010001111001001100101
0101000010101000011100000010010000000001010011000100010000110010111011000001101001100000110110001000
0101000010101010011100000110010000000001010011000100010000110011111011100001101101100000110110001010
0101000010101010011100000110010000000001010011000100010000110011111011100001101101100000110110001010
0101000010101000011100000010011000001001010011001100010000110010111011100001101001100000110110001000
0101000010101010011100000110010000000001010011000100010000110011111011100001101101100000110110001010
1010110100000000000010111001100101000110101000010001101110001100000100011110010010001111001001100101
1010110100000000000010111001100101000110101000010001101110001100000100011110010010001111001001100101
1010010100000000000010111001100101000110101000010001101110001100000100011110010010001111001001100101
1010010100000000000010111001100101000110101000010001101110001100000100011110010010001111001001100101
0101000011101000011100000010011000001001010011101100010000110010111011100001101001100000110110001000
0101000010101010011100000110010000000001010011000100010000110011111011100001101101100000110110001010
1010110100000000000010111001100101000110101000010001101110001100000100011110010010001111001001100101
0101000010101000011100000010011000001001010011001100010000110010111011100001101001100000110110001000
0101000010101010011100000110010000000001010011000100010000110011111011100001101101100000110110001010
1010110100000000100010111001100101000110101000010001101110001100000100011110010010001111001001100101
0101000010101000011100000010011000001001010011001100010000110010111011100001101001100000110110001000
1010110100000000000010111001100101000110101000010001101110001100000100011110010010001111001001100101
0101000010101010011100000110010000000001010011000100010000110011111011100001101101100000110110001010
0101000010101010011100000110010000000001010011000100010000110011111011100001101101100000110110001010
0101000010101010011100000110010000000001010011000100010000110011111011100001101101100000110110001010
0101000010101000011100000010011000001001010011001100010000110010111011100001101001100000110110001000
0101000011101000011100000010011000001001010011001100010000110010111011100001101001110000110110001000
0101000011101000011100000010011000001001010011001100010000110010111011100001101001110000110110001000
0101000011101000011100000010011000001001010111001100010000110010111011100001101001100000110110001000
1010110100000000000010111001100101000110101000010001101110001100000100011110010010001111001001100101
1010010100000000000010111001100101000110101000010001101110001100000100011110010010001111001001100101
0101000010101010011100000110010000010001010011000100010000110011111011100001101101100000110110001010
0101000011101000011100000010011000001001010011001100010000110010111011100001101001100000110110001000
0101000010101010011100000110010000000001010011000100010000110011111011100001101101100000110110001010
0101000011101000011100000010011000001001010111001100010000110010111011100001101001100000110110001000
0101000010101010011100000110010000000001010011000100010000110011111011100001101101100000110110001010
0101000011101000011100000010011000001001010011001100010000110010111011100001101001100000110110001000
0101000010101010011100000110010000000001010011000100010000110011111011100001101101100000110110001010
1010110100000000000010111001100101000110101000010001101110001100000100011110010010001111001001100101
1010010100000000000010111001100101000110101000010001101110001100000100011110010010001111001001100101
0101000011101000011100000010011000001001010011001100010000110010111011100001101001100000110110001000
0101000011101000011100000010011000001001010011001100010000110010111011100001101001100000110110001000
0101000010101010011101000110010000000001010011000100010000110011111011100001101101100000110110001010
0101000011101000011100000010011000001001010011101100010000110010111011100001101001100000110110001000
0101000011101000011100000010011000001001010011001100010000110010111011100001101001100000110110001000
1010010100000000000010111001100101000110101000010001101110001100000100011110010010001111001001100101
1010110100000000000010111001100101000110101000010001101110001100000100011110010010001111001001100101
1010010100000000000010111001100101000110101000010001101110001100000100011110010010001111001001100101
0101000010101010011100000110010000000001010011000100010000110011111011100001101101100000110110001010
1010110100000000000010111001100101000110101000010001101110001100000100011110010010001111001001100101
0101000010101000011100000010010000000001010011000100010000110010111011000001101001100000110110001000
0101000011101000011100000010011000001001010011001100010000110010111011100001101001110000110110001000
1010110100000000000010111001100101000110101000010001101110001100000100011110010010001111001001100101
1010110100000000100010111001100101000110101000010001101110001100000100011110010010001111001001100101
0101000011101000011100000010011000001001010111001100010000110010111011100001101001100000110110001000
0101000011101000011100000010011000001001010011101100010000110010111011100001101001100000110110001000
0101000011101000011100000010011000001001010011001100010000110010111011100001101001100000110110001000
0101000010101010011100000110010000000001010011000100010000110011111011100001101101100000110110001010
0101000010101010011100000110010000000001010011000100010000110011111011100001101101100000110110001010
1010110100000000000010111001100101000110101000010001101110001100000100011110010010001111001001100101
0101000011101000011100000010011000001001010011001100010000110010111011100001101001100000110110001000
0101000010101010011100000110010000000001010011000100010000110011111011100001101101100000110110001010
1010010100000000000010111001100101000110101000010001101110001100000100011110010010001111001001100101
1010110100000000000010111001100101000110101000010001101110001100000100011110010010001111001001100101
0101000011101000011100000010011000001001010011001100010000110010111011100001101001100000110110001000
0101000010101000011100000010010000000001010011000100010000110010111011000001101001100000110110001000
1010010100000000000010111001100101000110101000010001101110001100000100011110010010001111001001100101
0101000011101000011100000010011000001001010011001100010000110010111011100001101001100000110110001000
0101000011101000011100000010011000001001010011001100010000110010111011100001101001100000110110001000
1010010100000000000010111001100101000110101000010001101110001100000100011110010010001111001001100101
0101000010101010011100000110010000000001010011000100010000110011111011100001101101100000110110001010
1010010100000000000010111001100101000110101000010001101110001100000100011110010010001111001001100101
0101000011101000011100000010011000001001010011101100010000110010111011100001101001100000110110001000
0101000010101000011100000010011000001001010011001100010000110010111011100001101001100000110110001000
1010010100000000000010111001100101000110101000010001101110001100000100011110010010001111001001100101
0101000010101010011100000110010000000001010011000100010000110011111011100001101101100000110110001010
1010110100000000000010111001100101000110101000010001101110001100000100011110010010001111001001100101
0101000011101000011100000010011000001001010011101100010000110010111011100001101001100000110110001000
0101000010101010011100000110010000000001010011000100010000110011111011100001101101100000110110001010
0101000010101000011100000010011000001001010011001100010000110010111011100001101001100000110110001000
0101000011101000011100000010011000001001010011001100010000110010111011100001101001100000110110001000
0101000011101000011100000010011000001001010011101100010000110010111011100001101001100000110110001000
0101000010101010011100000110010000000001010011000100010000110011111011100001101101100000110110001010
0101000011101000011100000010011000001001010011001100010000110010111011100001101001100000110110001000
1010110100010000000010111001100101000110101000010001101110001100000100011110010010001111001001100101
1010110100000000000010111001100101000110101000010001101110001100000100011110010010001111001001100101
1010110100000000000010111001100101000110101000010001101110001100000100011110010010001111001001100101
0101000010101000011100000010010000000001010011000100010000110010111011000001101001100000110110001000
0101000011101000011100000010011000001001010011001100010000110010111011100001101001100000110110001000
1010110100000000000010111001100101000110101000010001101110001100000100011110010010001111001001100101
0101000011101000011100000010011000001001010011001100010000110010111011100001101001110000110110001000
1010110100000000000010111001100101000110101000010001101110001100000100011110010010001111001001100101
0101000011101000011100000010011000001001010011001100010000110010111011100001101001100000110110001000
0101000011101000011100000010011000001001010011001100010000110010111011100001101001100000110110001000
0101000010101010011100000110010000000001010011000100010000110011111011100001101101100000110110001010
0101000010101011011100000110010000000001010011000100010000110011111011100001101101100000110110001010
0101000011101000011100000010011000001001010011001100010000110010111011100001101001100000110110001000
0101000011101000011100000010011000001001010011001100010000110010111011100001101001100000110110001000
0101000011101000011100000010011000001001010011001100010000110010111011100001101001100000110110001000
0101000010101010011100000110010000100001010011000100010000110011111011100001101101100000110110001010
0101000011101000011100000010011000001001010011001100010000110010111011100001101001100000110110001000
0101000011101000011100000010011000001001010011101100010000110010111011100001101001100000110110001000
0101000010101010011100000110010000000001010011000100010000110011111011100001101101100000110110001010
1010110100000000000010111001100101000110101000010001101110001100000100011110010010001111001001100101
0101000010101010011100000110010000000001010011000100010000110011111011100001101101100000110110001010
0101000010101010011100000110010000000001010011000100010000110011111011100001101101100000110110001010
1010110100000000000010111001100101000110101000010001101110001100000100011110010010001111001001100101
1010110100000000000010111001100101000110101000010001101110001100000100011110010010001111001001100101
0101000011101000011100000010011000001001010111001100010000110010111011100001101001100000110110001000
1010010100000000000010111001100101000110101000010001101110001100000100011110010010001111001001100101
0101000010101010011100000110010000000001010011000100010000110011111011100001101101100000110110001010
0101000011101000011100000010011000001001010111001100010000110010111011100001101001100000110110001000
1010010100000000000010111001100101000110101000010001101110001100000100011110010010001111001001100101
0101000010101010011100000110010000000001010011000100010000110011111011100001101101100000110110001010
1010110100000000000010111001100101000110101000010001101110001100000100011110010010001111001001100101
1010110100000000000010111001100101000110101000010001101110001100000100011110010010001111001001100101
0101000011101000011100000010011000001001010011001100010000110010111011100001101001100000110110001000
0101000010101010011100000110010000000001010011000100010000110011111011100001101101100000110110001010
1010110100000000000010111001100101000110101000010001101110001100000100011110010010001111001001100101
0101000011101000011100000010011000001001010011001100010000110010111011100001101001100000110110001000
0101000010101010011100000110010000000001010011000100010000110011111011100001101101100000110110001010
1010110100000000000010111001100101000110101000010001101110001100000100011110010010001111001001100101
0101000010101010011100000110010000000001010011000100010000110011111011100001101101100000110110001010
0101000010101000011100000010011000001001010011001100010000110010111011100001101001100000110110001000
1010110100000000000010111001100101000110101000010001101110001100000100011110010010001111001001100101
0101000010101010011100000110010000000001010011000100010000110011111011100001101101100000110110001010
0101000011101000011100000010011000001001010011001100010000110010111011100001101001100000110110001000
0101000011101000011100000010011000001001010011001100010000110010111011100001101001100000110110001000
1010110100000000000010111001100101000110101000010001101110001100000100011110010010001111001001100101
0101000011101000011100000010011000001001010011101100010000110010111011100001101001100000110110001000
0101000010101010011100000110010000000001010011000100010001110011111011100001101101100000110110001010
1010010100000000000010111001100101000110101000010001101110001100000100011110010010001111001001100101
1010110100000000000010111001100101000110101000010001101110001100000100011110010010001111001001100101
0101000010101010011100000110010000000001010011000100010000110011111011100001101101100000110110001010
0101000010101010011100000110010000000001010011000100010000110011111011100001101101100000110110001010
0101000010101010011100000110010000000001010011000100010000110011111011100001101101100000110110001010
0101000011101000011100000010011000001001010011101100010000110010111011100001101001100000110110001000
1010010100000000000010111001100101000110101000010001101110001100000100011110010010001111001001100101
1010110100000000100010111001100101000110101000010001101110001100000100011110010010001111001001100101
0101000011101000011100000010011000001001010011001100010000110010111011100001101001100000110110001000
0101000011101000011100000010011000001001010011001100010000110010111011100001101001110000110110001000
0101000011101000011100000010011000001001010011101100010000110010111011100001101001100000110110001000
1010110100000000000010111001100101000110101000010001101110001100000100011110010010001111001001100101
0101000011101000011100000010011000001001010011001100010000110010111011100001101001100000110110011000
1010110100000000000010111001100101000110101000010001101110001100000100011110010010001111001001100101
0101000011101000011100000010011000001001010111001100010000110010111011100001101001100000110110001000
0101000011101000011100000010011000001001010011101100010000110010111011100001101001100000110110001000
0101000011101000011100000010011000001001010011001100010000110010111011100001101001100000110110001000
1010110100000000000010111001100101000110101000010001101110001100000100011110010010001111001001100101
0101000011101000011100000010011000001001010011001100010000110010111011100001101001100000110110001000
0101000010101010011100000110010000010001010011000100010000110011111011100001101101100000110110001010
1010110100000000000010111001100101000110101000010001101110001100000100011110010010001111001001100101
0101000010101010011100000110010000000001010011000100010000110011111011100001101101100000110110001010
0101000010101010011100000110010000000001010011000100010000110011111011100001101101100000110110001010
0101000010101010011100000110010000000001010011000100010000110011111011100001101101100000110110001010
0101000011101000011100000010011000001001010011001100010000110010111011100001101001100000110110001000
0101000011101000011100000010011000001001010011101100010000110010111011100001101001100000110110001000
0101000010101000011100000010011000001001010011001100010000110010111011100001101001100000110110001000
0101000010101000011100000010010000000001010011000100010000110010111011000001101001100000110110001000
0101000010101000011100000010011000001001010011001100010000110010111011100001101001100000110110001000
0101000010101000011100000010010000000001010011000100010000110010111011000001101001100000110110001000
0101000011101000011100000010011000001001010011001100010000110010111011100001101001100000110110001000
1010010100000000000010111001100101000110101000010001101110001100000100011110010010001111001001100101
0101000010101010011100000110010000100001010011000100010000110011111011100001101101100000110110001010
0101000010101010011100000110010000000001010011000100010000110011111011100001101101100000110110001010
1010110100000000100010111001100101000110101000010001101110001100000100011110010010001111001001100101
0101000011101000011100000010011000001001010011001100010000110010111011100001101001100000110110001000
1010110100000000000010111001100101000110101000010001101110001100000100011110010010001111001001100101
1010110100000000000010111001100101000110101000010001101110001100000100011110010010001111001001100101
0101000010101010011100000110010000000001010011000100010000110011111011100001101101100000110110001010
1010110100000000000010111001100101000110101000010001101110001100000100011110010010001111001001100101
0101000010101010011100000110010000000001010011000100010000110011111011100001101101100000110110001010
1010110100000000000010111001100101000110101000010001101110001100000100011110010010001111001001100101
0101000011101100011100000010011000001001010011001100010000110010111011100001101001100000110110001000
0101000010101010011100000110010000000001010011000100010000110011111011100001101101100000110110001010
0101000011101000011100000010011000001001010011001100010000110010111011100001101001100000110110001000
0101000010101010011100000110010000000001010011000100010000110011111011100001101101100000110110001010
0101000011101000011100000010011000001001010011001100010000110010111011100001101001100000110110001000
1010110100000000000010111001100101000110101000010001101110001100000100011110010010001111001001100101
1010110100000000000010111001100101000110101000010001101110001100000100011110010010001111001001100101
1010110100000000000010111001100101000110101000010001101110001100000100011110010010001111001001100101
0101000010101010011100000110010000000001010011000100010000110011111011100001101101100000110110001010
1010110100000000000010111001100101000110101000010001101110001100000100011110010010001111001001100101
1010110100000000000010111001100101000110101000010001101110001100000100011110010010001111001001100101
0101000010101000011100000010011000001001010011001100010000110010111011100001101001100000110110001000
0101000011101000011100000010011000001001010011001100010000110010111011100001101001100000110110001000
0101000011101000011100000010011000001001010011101100010000110010111011100001101001100000110110001000
1010110100000000000010111001100101000110101000010001101110001100000100011110010010001111001001100101
1010110100000000000010111001100101000110101000010001101110001100000100011110010010001111001001100101
0101000010101010011100000110010000000001010011000100010000110011111011100001101101100000110110001010
1010110100000000000010111001100101000110101000010001101110001100000100011110010010001111001001100101
0101000010101000011100000010010000000001010011000100010000110010111011000001101001100000110110001000
1010010100000000000010111001100101000110101000010001101110001100000100011110010010001111001001100101
1010010100000000000010111001100101000110101000010001101110001100000100011110010010001111001001100101
0101000011101000011100000010011000001001010011101100010000110010111011100001101001100000110110001000
1010110100000000000010111001100101000110101000010001101110001100000100011110010010001111001001100101
0101000011101000011100000010011000001001010011001100010000110010111011100001101001100000110110001000
0101000010101000011100000010011000001001010011001100010000110010111011100001101001100000110110001000
0101000011101000011100000010011000001001010011101100010000110010111011100001101001100000110110001000
0101000011101000011100000010011000001001010011001100010000110010111011100001101001100000110110001000
0101000011101000011100000010011000001001010011001100010000110010111011100001101001100000110110001000
0101000011101000011100000010011000001001010111001100010000110010111011100001101001100000110110001000
1010110100000000000010111001100101000110101000010001101110001100000100011110010010001111001001100101
1010010100000000000010111001100101000110101000010001101110001100000100011110010010001111001001100101
0101000011101000011100000010011000001001010011001100010000110010111011100001101001100000110110001000
0101000011101000011100000010011000001001010111001100010000110010111011100001101001100000110110001000
0101000010101010011100000110010000000001010011000100010001110011111011100001101101100000110110001010
0101000010101010011100000110010000000001010011000100010000110011111011100001101101100000110110001010
0101000010101010011100000110010000100001010011000100010000110011111011100001101101100000110110001010
0101000011101000011100000010011000001001010011001100010000110010111011100001101001110000110110001000
0101000010101010011100000110010000000001010011000100010000110011111011100001101101100000110110001010
1010110100000000100010111001100101000110101000010001101110001100000100011110010010001111001001100101
0101000010101010011101000110010000000001010011000100010000110011111011100001101101100000110110001010
0101000011101000011100000010011000001001010011101100010000110010111011100001101001100000110110001000
1010010100000000000010111001100101000110101000010001101110001100000100011110010010001111001001100101
1010110100000000000010111001100101000110101000010001101110001100000100011110010010001111001001100101
1010110100000000000010111001100101000110101000010001101110001100000100011110010010001111001001100101
0101000011101000011100000010011000001001010011101100010000110010111011100001101001100000110110001000
1010110100000000000010111001100101000110101000010001101110001100000100011110010010001111001001100101
1010110100000000000010111001100101000110101000010001101110001100000100011110010010001111001001100101
0101000011101000011100000010011000001001010011001100010000110010111011100001101001100000110110001000
1010010100000000000010111001100101000110101000010001101110001100000100011110010010001111001001100101
0101000010101010011101000110010000000001010011000100010000110011111011100001101101100000110110001010
0101000010101010011100000110010000000001010011000100010000110011111011100001101101100000110110001010
0101000011101000011100000010011000001001010011001100010000110010111011100001101001110000110110001000
0101000011101000011100000010011010001001010011001100010000110010111011100001101001100000110110001000
0101000010101010011100000110010000000001010011000100010000110011111011100001101101100000110110001010
0101000011101000011100000010011000001001010011001100010000110010111011100001101001110000110110001000
0101000011101000011100000010011000001001010011001100010000110010111011100001101001100000110110001000
0101000010101010011100000110010000000001010011000100010000110011111011100001101101100000110110001010
0101000010101010011100000110010000000001010011000100010000110011111011100001101101100000110110001010
0101000010101010011100000110010000000001010011000100010000110011111011100001101101100000110110001010
0101000011101000011100000010011000001001010011001100010000110010111011100001101001110000110110001000
0101000010101010011100000110010000000001010011000100010000110011111011100001101101100000110110001010
0101000011101000011100000010011000001001010011001100010000110010111011100001101001110000110110001000
0101000010101010011100000110010000000001010011000100010000110011111011100001101101100000110110001010
1010110100000000000010111001100101000110101000010001101110001100000100011110010010001111001001100101
0101000011101000011100000010011000001001010011001100010000110010111011100001101001100000110110001000
1010110100000000100010111001100101000110101000010001101110001100000100011110010010001111001001100101
0101000010101010011100000110010000000001010011000100010000110011111011100001101101100000110110001010
0101000011101000011100000010011000001001010011101100010000110010111011100001101001100000110110001000
1010010100000000000010111001100101000110101000010001101110001100000100011110010010001111001001100101
0101000010101010011100000110010000000001010011000100010000110011111011100001101101100000110110001010
0101000011101000011100000010011000001001010011101100010000110010111011100001101001100000110110001000
1010110100000000000010111001100101000110101000010001101110001100000100011110010010001111001001100101
1010010100000000000010111001100101000110101000010001101110001100000100011110010010001111001001100101
0101000011101000011100000010011000001001010011001100010000110010111011100001101001110000110110001000
0101000011101000011100000010011000001001010011001100010000110010111011100001101001110000110110001000
0101000010101000011100000010010000000001010011000100010000110010111011000001101001100000110110001000
0101000010101000011100000010011000001001010011001100010000110010111011100001101001100000110110001000
0101000010101010011100000110010000000001010011000100010000110011111011100001101101100000110110001010
0101000011101000011100000010011000001001010111001100010000110010111011100001101001100000110110001000
1010010100000000000010111001100101000110101000010001101110001100000100011110010010001111001001100101
0101000011101000011100000010011000001001010011101100010000110010111011100001101001100000110110001000
0101000011101000011100000010011000001001010111001100010000110010111011100001101001100000110110001000
0101000011101000011100000010011000001001010111001100010000110010111011100001101001100000110110001000
0101000010101010011100000110010000000001010011000100010000110011111011100001101101100000110110001010
1010110100000000000010111001100101000110101000010001101110001100000100011110010010001111001001100101
0101000011101000011100000010011010001001010011001100010000110010111011100001101001100000110110001000
0101000011101000011100000010011000001001010011101100010000110010111011100001101001100000110110001000
0101000011101000011100000010011000001001010011001100010000110010111011100001101001110000110110001000
0101000011101000011100000010011000001001010011101100010000110010111011100001101001100000110110001000
1010010100000000000010111001100101000110101000010001101110001100000100011110010010001111001001100101
1010110100000000000010111001100101000110101000010001101110001100000100011110010010001111001001100101
1010110100000000000010111001100101000110101000010001101110001100000100011110010010001111001001100101
0101000010101010011100000110010000000001010011000100010000110011111011100001101101100000110110001010
0101000010101000011100000010011000001001010011001100010000110010111011100001101001100000110110001000
0101000010101000011100000010010000000001010011000100010000110010111011000001101001100000110110001000
0101000010101010011100000110010000000001010011000100010000110011111011100001101101100000110110001010
0101000011101000011100000010011000001001010011101100010000110010111011100001101001100000110110001000
0101000011101000011100000010011000001001010011001100010000110010111011100001101001100000110110001000
0101000011101000011100000010011000001001010011001100010000110010111011100001101001100000110110001000
0101000011101000011100000010011000001001010011001100010000110010111011100001101001100000110110001000
0101000011101000011100000010011000001001010011001100010000110010111011100001101001100000110110001000
0101000011101000011100000010011000001001010011001100010000110010111011100001101001100000110110001000
0101000011101000011100000010011000001001010011001100010000110010111011100001101001100000110110001000
0101000011101000011100000010011000001001010011001100010000110010111011100001101001110000110110001000
0101000010101010011100000110010000000001010011000100010000110011111011100001101101100000110110001010
1010110100000000000010111001100101000110101000010001101110001100000100011110010010001111001001100101
1010110100000000000010111001100101000110101000010001101110001100000100011110010010001111001001100101
0101000010101000011100000010011000001001010011001100010000110010111011100001101001100000110110001000
1010110100000000000010111001100101000110101000010001101110001100000100011110010010001111001001100101
0101000011101100011100000010011000001001010011001100010000110010111011100001101001100000110110001000
0101000010101010011100000110010000000001010011000100010000110011111011100001101101100000110110001010
0101000011101000011100000010011000001001010011001100010000110010111011100001101001100000110110001000
1010110100000000000010111001100101000110101000010001101110001100000100011110010010001111001001100101
0101000011101000011100000010011000001001010111001100010000110010111011100001101001100000110110001000
1010110100000000100010111001100101000110101000010001101110001100000100011110010010001111001001100101
0101000011101000011100000010011000001001010111001100010000110010111011100001101001100000110110001000
0101000011101000011100000010011000001001010011001100010000110010111011100001101001100000110110001000
0101000011101000011100000010011000001001010111001100010000110010111011100001101001100000110110001000
0101000010101000011100000010010000000001010011000100010000110010111011000001101001100000110110001000
1010010100000000000010111001100101000110101000010001101110001100000100011110010010001111001001100101
0101000010101010011100000110010000000001010011000100010000110011111011100001101101100000110110001010
0101000010101010011100000110010000000001010011000100010000110011111011100001101101100000110110001010
0101000011101000011100000010011000001001010011101100010000110010111011100001101001100000110110001000
0101000010101000011100000010010000000001010011000100010000110010111011000001101001100000110110001000
0101000010101000011100000010010000000001010011000100010000110010111011000001101001100000110110001000
0101000011101000011100000010011000001001010011001100010000110010111011100001101001100000110110001000
0101000011101000011100000010011000001001010011001100010000110010111011100001101001110000110110001000
0101000011101000011100000010011000001001010011001100010000110010111011100001101001100000110110001000
0101000010101010011100000110010000000001010011000100010000110011111011100001101101100000110110001010
0101000010101000011100000010011000001001010011001100010000110010111011100001101001100000110110001000
0101000011101000011100000010011000001001010011101100010000110010111011100001101001100000110110001000
0101000010101010011100000110010000000001010011000100010000110011111011100001101101100000110110001010
0101000010101000011100000010011000001001010011001100010000110010111011100001101001100000110110001000
1010110100000000100010111001100101000110101000010001101110001100000100011110010010001111001001100101
0101000011101000011100000010011000001001010011101100010000110010111011100001101001100000110110001000
0101000011101000011100000010011000001001010011001100010000110010111011100001101001100000110110001000
0101000010101010011100000110010000000001010011000100010000110011111011100001101101100000110110001010
0101000010101010011100000110010000000001010011000100010000110011111011100001101101100000110110001010
0101000011101000011100000010011000001001010011001100010000110010111011100001101001100000110110001000
0101000010101010011100000110010000000001010011000100010000110011111011100001101101100000110110001010
0101000010101010011100000110010000000001010011000100010000110011111011100001101101100000110110001010
0101000010101010011100000110010000000001010011000100010000110011111011100001101101100000110110001010
0101000011101000011100000010011000001001010011001100010000110010111011100001101001100000110110001000
1010110100000000000010111001100101000110101000010001101110001100000100011110010010001111001001100101
0101000010101010011101000110010000000001010011000100010000110011111011100001101101100000110110001010
0101000010101010011100000110010000000001010011000100010000110011111011100001101101100000110110001010
1010110100000000000010111001100101000110101000010001101110001100000100011110010010001111001001100101
0101000011101000011100000010011000001001010011101100010000110010111011100001101001100000110110001000
0101000010101000011100000010010000000001010011000100010000110010111011000001101001100000110110001000
0101000011101000011100000010011000001001010011101100010000110010111011100001101001100000110110001000
1010110100000000000010111001100101000110101000010001101110001100000100011110010010001111001001100101
0101000010101000011100000010011000001001010011001100010000110010111011100001101001100000110110001000
0101000010101010011101000110010000000001010011000100010000110011111011100001101101100000110110001010
1010110100000000000010111001100101000110101000010001101110001100000100011110010010001111001001100101
1010110100000000000010111001100101000110101000010001101110001100000100011110010010001111001001100101
1010010100000000000010111001100101000110101000010001101110001100000100011110010010001111001001100101
1010110100000000000010111001100101000110101000010001101110001100000100011110010010001111001001100101
0101000010101010011100000110010000000001010011000100010000110011111011100001101101100000110110001010
0101000011101000011100000010011000001001010011001100010000110010111011100001101001100000110110001000
1010010100000000000010111001100101000110101000010001101110001100000100011110010010001111001001100101
0101000011101000011100000010011000001001010011101100010000110010111011100001101001100000110110001000
1010010100000000000010111001100101000110101000010001101110001100000100011110010010001111001001100101
1010110100000000000010111001100101000110101000010001101110001100000100011110010010001111001001100101
0101000010101010011100000110010000000001010011000100010000110011111011100001101101100000110110001010
0101000011101000011100000010011000001001010011101100010000110010111011100001101001100000110110001000
0101000011101000011100000010011000001001010011101100010000110010111011100001101001100000110110001000
0101000011101000011100000010011000001001010011001100010000110010111011100001101001100000110110001000
0101000010101000011100000010011000001001010011001100010000110010111011100001101001100000110110001000
0101000010101010011100000110010000000001010011000100010000110011111011100001101101100000110110001010
1010010100000000000010111001100101000110101000010001101110001100000100011110010010001111001001100101
1010010100000000000010111001100101000110101000010001101110001100000100011110010010001111001001100101
1010110100000000000010111001100101000110101000010001101110001100000100011110010010001111001001100101
0101000011101000011100000010011000001001010111001100010000110010111011100001101001100000110110001000
1010011100000000000010111001100101000110101000010001101110001100000100011110010010001111001001100101
1010110100000000000010111001100101000110101000010001101110001100000100011110010010001111001001100101
0101000011101000011100000010011000001001010011001100010000110010111011100001101001110000110110001000
0101000010101000011100000010010000000001010011000100010000110010111011000001101001100000110110001000
0101000011101000011100000010011000001001010011101100010000110010111011100001101001100000110110001000
1010110100000000000010111001100101000110101000010001101110001100000100011110010010001111001001100101
0101000010101010011100000110010000000001010011000100010000110011111011100001101101100000110110001010
1010110100000000000010111001100101000110101000010001101110001100000100011110010010001111001001100101
0101000010101000011100000010010000000001010011000100010000110010111011000001101001100000110110001000
1010110100000000000010111001100101000110101000010001101110001100000100011110010010001111001001100101
0101000010101010011100000110010000000001010011000100010000110011111011100001101101100000110110001010
0101000010101010011100000110010000000001010011000100010000110011111011100001101101100000110110001010
0101000011101000011100000010011000001001010011001100010000110010111011100001101001110000110110001000
0101000010101000011100000010010000000001010011000100010000110010111011000001101001100000110110001000
1010110100000000000010111001100101000110101000010001101110001100000100011110010010001111001001100101
0101000010101000011100000010010000000001010011000100010000110010111011000001101001100000110110001000
0101000010101010011100000110010000000001010011000100010000110011111011100001101101100000110110001010
1010110100000000000010111001100101000110101000010001101110001100000100011110010010001111001001100101
0101000010101000011100000010011000001001010011001100010000110010111011100001101001100000110110001000
0101000011101000011100000010011000001001010011001100010000110010111011100001101001100000110110001000
1010010100000000000010111001100101000110101000010001101110001100000100011110010010001111001001100101
0101000010101010011100000110010000000001010011000100010000110011111011100001101101100000110110001010
1010110100000000000010111001100101000110101000010001101110001100000100011110010010001111001001100101
0101000011101000011100000010011000001001010011001100010000110010111011100001101001110000110110001000
0101000010101000011100000010010000000001010011000100010000110010111011000001101001100000110110001000
0101000011101000011100000010011000001001010011001100010000110010111011100001101001110000110110001000
1010110100000000000010111001100101000110101000010001101110001100000100011110010010001111001001100101
0101000010101000011100000010011000001001010011001100010000110010111011100001101001100000110110001000
1010010100000000000010111001100101000110101000010001101110001100000100011110010010001111001001100101
1010010100000000000010111001100101000110101000010001101110001100000100011110010010001111001001100101
0101000010101000011100000010010000000001010011000100010000110010111011000001101001100000110110001000
1010110100000000000010111001100101000110101000010001101110001100000100011110010010001111001001100101
0101000010101000011100000010011000001001010011001100010000110010111011100001101001100000110110001000
0101000011101000011100000010011000001001010011001100010000110010111011100001101001100000110110001000
1010010100000000000010111001100101000110101000010001101110001100000100011110010010001111001001100101
1010110100000000000010111001100101000110101000010001101110001100000100011110010010001111001001100101
0101000010101010011100000110010000000001010011000100010000110011111011100001101101100000110110001010
1010110100000000000010111001100101000110101000010001101110001100000100011110010010001111001001100101
1010010100000000000010111001100101000110101000010001101110001100000100011110010010001111001001100101
0101000010101010011100000110010000000001010011000100010000110011111011100001101101100000110110001010
0101000011101000011100000010011000001001010111001100010000110010111011100001101001100000110110001000
0101000010101010011100000110010000000001010011000110010000110011111011100001101101100000110110001010
0101000011101000011100000010011000001001010011101100010000110010111011100001101001100000110110001000
0101000011101000011100000010011000001001010011001100010000110010111011100001101001100000110110001000
1010010100000000000010111001100101000110101000010001101110001100000100011110010010001111001001100101
1010010100000000000010111001100101000110101000010001101110001100000100011110010010001111001001100101
0101000010101010011100000110010000000001010011000110010000110011111011100001101101100000110110001010
1010110100000000000010111001100101000110101000010001101110001100000100011110010010001111001001100101
0101000011101000011100000010011000001001010011001100010000110010111011100001101001110000110110001000
0101000011101000011100000010011000001001010011101100010000110010111011100001101001100000110110001000
0101000010101010011100000110010000000001010011000100010000110011111011100001101101100000110110001010
1010010100000000000010111001100101000110101000010001101110001100000100011110010010001111001001100101
0101000011101000011100000010011000001001010011001100010000110010111011100001101001100000110110001000
1010110100000000000010111001100101000110101000010001101110001100000100011110010010001111001001100101
0101000010101010011100000110010000000001010011000100010000110011111011100001101101100000110110001010
0101000011101000011100000010011000001001010011001100010000110010111011100001101001100000110110001000
1010110100000000000010111001100101000110101000010001101110001100000100011110010010001111001001100101
1010110100000000000010111001100101000110101000010001101110001100000100011110010010001111001001100101
0101000011101000011100000010011000001001010011001100010000110010111011100001101001100000110110001000
0101000010101010011100000110010000000001010011000100010000110011111011100001101101100000110110001010
0101000011101000011100000010011000001001010011001100010000110010111011100001101001100000110110001000
0101000010101010011100000110010000000001010011000100010000110011111011100001101101100000110110001010
0101000010101010011100000110010000000001010011000100010000110011111011100001101101100000110110001010
0101000010101010011100000110010000000001010011000100010000110011111011100001101101100000110110001010
1010010100000000000010111001100101000110101000010001101110001100000100011110010010001111001001100101
1010110100000000000010111001100101000110101000010001101110001100000100011110010010001111001001100101
0101000011101000011100000010011000001001010011001100010000110010111011100001101001110000110110001000
0101000010101000011100000010011000001001010011001100010000110010111011100001101001100000110110001000
0101000010101010011100000110010000010001010011000100010000110011111011100001101101100000110110001010
1010010100000000000010111001100101000110101000010001101110001100000100011110010010001111001001100101
0101000011101100011100000010011000001001010011001100010000110010111011100001101001100000110110001000
1010010100000000000010111001100101000110101000010001101110001100000100011110010010001111001001100101
0101000011101000011100000010011000001001010011101100010000110010111011100001101001100000110110001000
0101000010101000011100000010010000000001010011000100010000110010111011000001101001100000110110001000
1010110100000000000010111001100101000110101000010001101110001100000100011110010010001111001001100101
1010010100000000000010111001100101000110101000010001101110001100000100011110010010001111001001100101
0101000010101010011100000110010000000001010011000100010000110011111011100001101101100000110110001010
0101000010101010011100000110010000000001010011000100010000110011111011100001101101100000110110001010
0101000010101010011100000110010000000001010011000100010000110011111011100001101101100000110110001010
0101000010101010011100000110010000000001010011000100010000110011111011100001101101100000110110001010
0101000011101000011100000010011000001001010011001100010000110010111011100001101001100000110110001000
0101000011101000011100000010011000001001010011101100010000110010111011100001101001100000110110001000
