./ms 500 1 -t 5 -s 100 -eN 0.2 5.0 
57035 4316 61506

//
prob: 0.00124454
segsites: 100
positions: 0.0121 0.0236 0.0238 0.0356 0.0393 0.0423 0.0546 0.0718 0.0731 0.0782 0.0903 0.1141 0.1202 0.1449 0.1449 0.1658 0.1916 0.1922 0.1924 0.1976 0.2261 0.2351 0.2699 0.2709 0.2709 0.2965 0.2982 0.3052 0.3104 0.3262 0.3308 0.3358 0.3563 0.3588 0.3679 0.3725 0.3776 0.3779 0.3805 0.3825 0.4043 0.4086 0.4102 0.4184 0.4189 0.4301 0.4551 0.4565 0.4634 0.4749 0.5071 0.5153 0.5220 0.5273 0.5495 0.5552 0.5817 0.6057 0.6061 0.6082 0.6425 0.6540 0.6656 0.6722 0.6751 0.6776 0.6790 0.6843 0.6848 0.6871 0.7005 0.7008 0.7064 0.7146 0.7224 0.7227 0.7229 0.7255 0.7405 0.7513 0.7599 0.7644 0.7754 0.7792 0.7820 0.7849 0.8142 0.8254 0.8344 0.8445 0.8493 0.8674 0.8707 0.8870 0.9013 0.9043 0.9109 0.9434 0.9744 0.9965 
1010010100000000000010111001100101000110101000010001101110001100000100011110010010001111001001100101
0101000011101000011100000010011000001001010011001100010000110010111011100001101001100000110110001000
0101000010101010011100000110010000000001010011000100010000110011111011100001101101100000110110001010
0101000010101000011100000010010000000001010011000100010000110010111011000001101001100000110110001000
0101000011101000011100000010011000001001010011001100010000110010111011100001101001100000110110001000
0101000010101010011100000110010000000001010011000100010000110011111011100001101101100000110110001010
0101000010101000011100000010011000001001010011001100010000110010111011100001101001100000110110001000
1010010100000000000010111001100101000110101000010001101110001100000100011110010010001111001001100101
1010110100000000000010111001100101000110101000010001101110001100000100011110010010001111001001100101
0101000011101000011100000010011000001001010011001100010000110010111011100001101001100000110110001000
0101000011101000011100000010011000001001010011001100010000110010111011100001101001100000110110001000
1010010100000000000010111001100101000110101000010001101110001100000100011110010010001111001001100101
0101000011101100011100000010011000001001010011001100010000110010111011100001101001100000110110001000
0101000010101000011100000010011000001001010011001100010000110010111011100001101001100000110110001000
1010110100000000000010111001100101000110101000010001101110001100000100011110010010001111001001100101
1010110100000000000010111001100101000110101000010001101110001100000100011110010010001111001001100101
1010010100000000000010111001100101000110101000010001101110001100000100011110010010001111001001100101
0101000010101010011100000110010000000001010011000100010000110011111011100001101101100000110110001010
1010110100000000000010111001100101000110101000010001101110001100000100011110010010001111001001100101
0101000010101010011100000110010000000001010011000100010000110011111011100001101101100000110110001010
0101000010101010011100000110010000000001010011000100010000110011111011100001101101100000110110001010
0101000011101000011100000010011000001001010011001100010000110010111011100001101001100000110110001000
0101000010101010011100000110010000000001010011000100010000110011111011100001101101100000110110001010
1010010100000000000010111001100101000110101000010001101110001100000100011110010010001111001001100101
0101000010101010011100000110010000000001010011000100010000110011111011100001101101100000110110001010
0101000011101000011100000010011000001001010111001100010000110010111011100001101001100000110110001000
1010110100000000100010111001100101000110101000010001101110001100000100011110010010001111001001100101
0101000010101000011100000010011000001001010011001100010000110010111011100001101001100000110110001000
1010110100000000000010111001100101000110101000010001101110001100000100011110010010001111001001100101
0101000010101000011100000010010000000001010011000100010000110010111011000001101001100000110110001000
1010010100000000000010111001100101000110101000010001101110001100000100011110010010001111001001100101
0101000010101010011100000110010000000001010011000100010000110011111011100001101101100000110110001010
1010110100000000000010111001100101000110101000010001101110001100000100011110010010001111001001100101
0101000011101000011100000010011000001001010011001100010000110010111011100001101001100000110110001000
0101000011101000011100000010011000001001010111001100010000110010111011100001101001100000110110001000
0101000011101000011100000010011000001001010011001100010000110010111011100001101001110000110110001000
1010110100000000000010111001100101000110101000010001101110001100000100011110010010001111001001100101
1010110100000000000010111001100101000110101000010001101110001100000100011110010010001111001001100101
1010010100000000000010111001100101000110101000010001101110001100000100011110010010001111001001100101
0101000011101000011100000010011000001001010011001100010000110010111011100001101001100000110110001000
0101000010101010011100000110010000000001010011000100010000110011111011100001101101100000110110001010
1010011100000000000010111001100101000110101000010001101110001100000100011110010010001111001001100101
1010110100000000000010111001100101000110101000010001101110001100000100011110010010001111001001100101
1010010100000000000010111001100101000110101000010001101110001100000100011110010010001111001001100101
1010110100000000000010111001100101000110101000010001101110001100000100011110010010001111001001100101
0101000010101010011100000110010000000001010011000100010000110011111011100001101101100000110110001010
0101000010101000011100000010010000000001010011000100010000110010111011000001101001100000110110001000
0101000010101010011100000110010000000001010011000100010000110011111011100001101101100000110110001010
1010110100000000000010111001100101000110101000010001101110001100000100011110010010001111001001100101
0101000010101010011100000110010000000001010011000100010000110011111011100001101101100000110110001010
1010110100000000000010111001100101000110101000010001101110001100000100011110010010001111001001100101
0101000011101000011100000010011000001001010011001100010000110010111011100001101001100000110110001000
1010110100000000000010111001100101000110101000010001101110001100000100011110010010001111001001100101
0101000010101010011101000110010000000001010011000100010000110011111011100001101101100000110110001010
0101000010101010011100000110010000000001010011000100010000110011111011100001101101100000110110001010
0101000010101010011100000110010000000001010011000100010000110011111011100001101101100000110110001010
1010110100000000000010111001100101000110101000010001101110001100000100011110010010001111001001100101
1010010100000000000010111001100101000110101000010001101110001100000100011110010010001111001001100101
0101000011101000011100000010011000001001010011001100010000110010111011100001101001100000110110001000
0101000011101000011100000010011000001001010111001100010000110010111011100001101001100000110110001000
1010110100000000000010111001100101000110101000010001101110001100000100011110010010001111001001100101
0101000011101000011100000010011000001001010011101100010000110010111011100001101001100000110110001000
1010110100000000000010111001100101000110101000010001101110001100000100011110010010001111001001100101
1010110100000000000010111001100101000110101000010001101110001100000100011110010010001111001001100101
0101000010101010011100000110010000000001010011000100010000110011111011100001101101100000110110001010
1010010100000000000010111001100101000110101000010001101110001100000100011110010010001111001001100101
1010110100000000000010111001100101000110101000010001101110001100000100011110010010001111001001100101
0101000011101000011100000010011000001001010011101100010000110010111011100001101001100000110110001000
0101000010101010011100000110010000000001010011000100010000110011111011100001101101100000110110001010
1010010100000000000010111001100101000110101000010001101110001100000100011110010010001111001001100101
0101000011101000011100000010011000001001010111001100010000110010111011100001101001100000110110001000
1010110100000000000010111001100101000110101000010001101110001100000100011110010010001111001001100101
0101000010101010011100000110010000000001010011000100010000110011111011100001101101100000110110001010
0101000010101011011100000110010000000001010011000100010000110011111011100001101101100000110110001010
1010010100000000000010111001100101000110101000010001101110001100000100011110010010001111001001100101
1010110100000000000010111001100101000110101000010001101110001100000100011110010010001111001001100101
1010010100000000000010111001100101000110101000010001101110001100000100011110010010001111001001100101
0101000010101000011100000010010000000001010011000100010000110010111011000001101001100000110110001000
0101000010101010011100000110010000000001010011000100010000110011111011100001101101100000110110001010
0101000010101010011100000110010000000001010011000100010000110011111011100001101101100000110110001010
0101000010101000011100000010011000001001010011001100010000110010111011100001101001100000110110001000
0101000010101010011100000110010000000001010011000100010000110011111011100001101101100000110110001010
1010110100000000000010111001100101000110101000010001101110001100000100011110010010001111001001100101
1010110100000000000010111001100101000110101000010001101110001100000100011110010010001111001001100101
1010010100000000000010111001100101000110101000010001101110001100000100011110010010001111001001100101
1010010100000000000010111001100101000110101000010001101110001100000100011110010010001111001001100101
0101000011101000011100000010011000001001010011101100010000110010111011100001101001100000110110001000
0101000010101010011100000110010000000001010011000100010000110011111011100001101101100000110110001010
1010110100000000000010111001100101000110101000010001101110001100000100011110010010001111001001100101
0101000010101000011100000010011000001001010011001100010000110010111011100001101001100000110110001000
0101000010101010011100000110010000000001010011000100010000110011111011100001101101100000110110001010
1010110100000000100010111001100101000110101000010001101110001100000100011110010010001111001001100101
0101000010101000011100000010011000001001010011001100010000110010111011100001101001100000110110001000
1010110100000000000010111001100101000110101000010001101110001100000100011110010010001111001001100101
0101000010101010011100000110010000000001010011000100010000110011111011100001101101100000110110001010
0101000010101010011100000110010000000001010011000100010000110011111011100001101101100000110110001010
0101000010101010011100000110010000000001010011000100010000110011111011100001101101100000110110001010
0101000010101000011100000010011000001001010011001100010000110010111011100001101001100000110110001000
0101000011101000011100000010011000001001010011001100010000110010111011100001101001110000110110001000
0101000011101000011100000010011000001001010011001100010000110010111011100001101001110000110110001000
0101000011101000011100000010011000001001010111001100010000110010111011100001101001100000110110001000
1010110100000000000010111001100101000110101000010001101110001100000100011110010010001111001001100101
1010010100000000000010111001100101000110101000010001101110001100000100011110010010001111001001100101
0101000010101010011100000110010000010001010011000100010000110011111011100001101101100000110110001010
0101000011101000011100000010011000001001010011001100010000110010111011100001101001100000110110001000
0101000010101010011100000110010000000001010011000100010000110011111011100001101101100000110110001010
0101000011101000011100000010011000001001010111001100010000110010111011100001101001100000110110001000
0101000010101010011100000110010000000001010011000100010000110011111011100001101101100000110110001010
0101000011101000011100000010011000001001010011001100010000110010111011100001101001100000110110001000
0101000010101010011100000110010000000001010011000100010000110011111011100001101101100000110110001010
1010110100000000000010111001100101000110101000010001101110001100000100011110010010001111001001100101
1010010100000000000010111001100101000110101000010001101110001100000100011110010010001111001001100101
0101000011101000011100000010011000001001010011001100010000110010111011100001101001100000110110001000
0101000011101000011100000010011000001001010011001100010000110010111011100001101001100000110110001000
0101000010101010011101000110010000000001010011000100010000110011111011100001101101100000110110001010
0101000011101000011100000010011000001001010011101100010000110010111011100001101001100000110110001000
0101000011101000011100000010011000001001010011001100010000110010111011100001101001100000110110001000
1010010100000000000010111001100101000110101000010001101110001100000100011110010010001111001001100101
1010110100000000000010111001100101000110101000010001101110001100000100011110010010001111001001100101
1010010100000000000010111001100101000110101000010001101110001100000100011110010010001111001001100101
0101000010101010011100000110010000000001010011000100010000110011111011100001101101100000110110001010
1010110100000000000010111001100101000110101000010001101110001100000100011110010010001111001001100101
0101000010101000011100000010010000000001010011000100010000110010111011000001101001100000110110001000
0101000011101000011100000010011000001001010011001100010000110010111011100001101001110000110110001000
1010110100000000000010111001100101000110101000010001101110001100000100011110010010001111001001100101
1010110100000000100010111001100101000110101000010001101110001100000100011110010010001111001001100101
0101000011101000011100000010011000001001010111001100010000110010111011100001101001100000110110001000
0101000011101000011100000010011000001001010011101100010000110010111011100001101001100000110110001000
0101000011101000011100000010011000001001010011001100010000110010111011100001101001100000110110001000
0101000010101010011100000110010000000001010011000100010000110011111011100001101101100000110110001010
0101000010101010011100000110010000000001010011000100010000110011111011100001101101100000110110001010
1010110100000000000010111001100101000110101000010001101110001100000100011110010010001111001001100101
0101000011101000011100000010011000001001010011001100010000110010111011100001101001100000110110001000
0101000010101010011100000110010000000001010011000100010000110011111011100001101101100000110110001010
1010010100000000000010111001100101000110101000010001101110001100000100011110010010001111001001100101
1010110100000000000010111001100101000110101000010001101110001100000100011110010010001111001001100101
0101000011101000011100000010011000001001010011001100010000110010111011100001101001100000110110001000
0101000010101000011100000010010000000001010011000100010000110010111011000001101001100000110110001000
1010010100000000000010111001100101000110101000010001101110001100000100011110010010001111001001100101
0101000011101000011100000010011000001001010011001100010000110010111011100001101001100000110110001000
0101000011101000011100000010011000001001010011001100010000110010111011100001101001100000110110001000
1010010100000000000010111001100101000110101000010001101110001100000100011110010010001111001001100101
0101000010101010011100000110010000000001010011000100010000110011111011100001101101100000110110001010
1010010100000000000010111001100101000110101000010001101110001100000100011110010010001111001001100101
0101000011101000011100000010011000001001010011101100010000110010111011100001101001100000110110001000
0101000010101000011100000010011000001001010011001100010000110010111011100001101001100000110110001000
1010010100000000000010111001100101000110101000010001101110001100000100011110010010001111001001100101
0101000010101010011100000110010000000001010011000100010000110011111011100001101101100000110110001010
1010110100000000000010111001100101000110101000010001101110001100000100011110010010001111001001100101
0101000011101000011100000010011000001001010011101100010000110010111011100001101001100000110110001000
0101000010101010011100000110010000000001010011000100010000110011111011100001101101100000110110001010
0101000010101000011100000010011000001001010011001100010000110010111011100001101001100000110110001000
0101000011101000011100000010011000001001010011001100010000110010111011100001101001100000110110001000
0101000011101000011100000010011000001001010011101100010000110010111011100001101001100000110110001000
0101000010101010011100000110010000000001010011000100010000110011111011100001101101100000110110001010
0101000011101000011100000010011000001001010011001100010000110010111011100001101001100000110110001000
1010110100010000000010111001100101000110101000010001101110001100000100011110010010001111001001100101
1010110100000000000010111001100101000110101000010001101110001100000100011110010010001111001001100101
1010110100000000000010111001100101000110101000010001101110001100000100011110010010001111001001100101
0101000010101000011100000010010000000001010011000100010000110010111011000001101001100000110110001000
0101000011101000011100000010011000001001010011001100010000110010111011100001101001100000110110001000
1010110100000000000010111001100101000110101000010001101110001100000100011110010010001111001001100101
0101000011101000011100000010011000001001010011001100010000110010111011100001101001110000110110001000
1010110100000000000010111001100101000110101000010001101110001100000100011110010010001111001001100101
0101000011101000011100000010011000001001010011001100010000110010111011100001101001100000110110001000
0101000011101000011100000010011000001001010011001100010000110010111011100001101001100000110110001000
0101000010101010011100000110010000000001010011000100010000110011111011100001101101100000110110001010
0101000010101011011100000110010000000001010011000100010000110011111011100001101101100000110110001010
0101000011101000011100000010011000001001010011001100010000110010111011100001101001100000110110001000
0101000011101000011100000010011000001001010011001100010000110010111011100001101001100000110110001000
0101000011101000011100000010011000001001010011001100010000110010111011100001101001100000110110001000
0101000010101010011100000110010000100001010011000100010000110011111011100001101101100000110110001010
0101000011101000011100000010011000001001010011001100010000110010111011100001101001100000110110001000
0101000011101000011100000010011000001001010011101100010000110010111011100001101001100000110110001000
0101000010101010011100000110010000000001010011000100010000110011111011100001101101100000110110001010
1010110100000000000010111001100101000110101000010001101110001100000100011110010010001111001001100101
0101000010101010011100000110010000000001010011000100010000110011111011100001101101100000110110001010
0101000010101010011100000110010000000001010011000100010000110011111011100001101101100000110110001010
1010110100000000000010111001100101000110101000010001101110001100000100011110010010001111001001100101
1010110100000000000010111001100101000110101000010001101110001100000100011110010010001111001001100101
0101000011101000011100000010011000001001010111001100010000110010111011100001101001100000110110001000
1010010100000000000010111001100101000110101000010001101110001100000100011110010010001111001001100101
0101000010101010011100000110010000000001010011000100010000110011111011100001101101100000110110001010
0101000011101000011100000010011000001001010111001100010000110010111011100001101001100000110110001000
1010010100000000000010111001100101000110101000010001101110001100000100011110010010001111001001100101
0101000010101010011100000110010000000001010011000100010000110011111011100001101101100000110110001010
1010110100000000000010111001100101000110101000010001101110001100000100011110010010001111001001100101
1010110100000000000010111001100101000110101000010001101110001100000100011110010010001111001001100101
0101000011101000011100000010011000001001010011001100010000110010111011100001101001100000110110001000
0101000010101010011100000110010000000001010011000100010000110011111011100001101101100000110110001010
1010110100000000000010111001100101000110101000010001101110001100000100011110010010001111001001100101
0101000011101000011100000010011000001001010011001100010000110010111011100001101001100000110110001000
0101000010101010011100000110010000000001010011000100010000110011111011100001101101100000110110001010
1010110100000000000010111001100101000110101000010001101110001100000100011110010010001111001001100101
0101000010101010011100000110010000000001010011000100010000110011111011100001101101100000110110001010
0101000010101000011100000010011000001001010011001100010000110010111011100001101001100000110110001000
1010110100000000000010111001100101000110101000010001101110001100000100011110010010001111001001100101
0101000010101010011100000110010000000001010011000100010000110011111011100001101101100000110110001010
0101000011101000011100000010011000001001010011001100010000110010111011100001101001100000110110001000
0101000011101000011100000010011000001001010011001100010000110010111011100001101001100000110110001000
1010110100000000000010111001100101000110101000010001101110001100000100011110010010001111001001100101
0101000011101000011100000010011000001001010011101100010000110010111011100001101001100000110110001000
0101000010101010011100000110010000000001010011000100010001110011111011100001101101100000110110001010
1010010100000000000010111001100101000110101000010001101110001100000100011110010010001111001001100101
1010110100000000000010111001100101000110101000010001101110001100000100011110010010001111001001100101
0101000010101010011100000110010000000001010011000100010000110011111011100001101101100000110110001010
0101000010101010011100000110010000000001010011000100010000110011111011100001101101100000110110001010
0101000010101010011100000110010000000001010011000100010000110011111011100001101101100000110110001010
0101000011101000011100000010011000001001010011101100010000110010111011100001101001100000110110001000
1010010100000000000010111001100101000110101000010001101110001100000100011110010010001111001001100101
1010110100000000100010111001100101000110101000010001101110001100000100011110010010001111001001100101
0101000011101000011100000010011000001001010011001100010000110010111011100001101001100000110110001000
0101000011101000011100000010011000001001010011001100010000110010111011100001101001110000110110001000
0101000011101000011100000010011000001001010011101100010000110010111011100001101001100000110110001000
1010110100000000000010111001100101000110101000010001101110001100000100011110010010001111001001100101
0101000011101000011100000010011000001001010011001100010000110010111011100001101001100000110110011000
1010110100000000000010111001100101000110101000010001101110001100000100011110010010001111001001100101
0101000011101000011100000010011000001001010111001100010000110010111011100001101001100000110110001000
0101000011101000011100000010011000001001010011101100010000110010111011100001101001100000110110001000
0101000011101000011100000010011000001001010011001100010000110010111011100001101001100000110110001000
1010110100000000000010111001100101000110101000010001101110001100000100011110010010001111001001100101
0101000011101000011100000010011000001001010011001100010000110010111011100001101001100000110110001000
0101000010101010011100000110010000010001010011000100010000110011111011100001101101100000110110001010
1010110100000000000010111001100101000110101000010001101110001100000100011110010010001111001001100101
0101000010101010011100000110010000000001010011000100010000110011111011100001101101100000110110001010
0101000010101010011100000110010000000001010011000100010000110011111011100001101101100000110110001010
0101000010101010011100000110010000000001010011000100010000110011111011100001101101100000110110001010
0101000011101000011100000010011000001001010011001100010000110010111011100001101001100000110110001000
0101000011101000011100000010011000001001010011101100010000110010111011100001101001100000110110001000
0101000010101000011100000010011000001001010011001100010000110010111011100001101001100000110110001000
0101000010101000011100000010010000000001010011000100010000110010111011000001101001100000110110001000
0101000010101000011100000010011000001001010011001100010000110010111011100001101001100000110110001000
0101000010101000011100000010010000000001010011000100010000110010111011000001101001100000110110001000
0101000011101000011100000010011000001001010011001100010000110010111011100001101001100000110110001000
1010010100000000000010111001100101000110101000010001101110001100000100011110010010001111001001100101
0101000010101010011100000110010000100001010011000100010000110011111011100001101101100000110110001010
0101000010101010011100000110010000000001010011000100010000110011111011100001101101100000110110001010
1010110100000000100010111001100101000110101000010001101110001100000100011110010010001111001001100101
0101000011101000011100000010011000001001010011001100010000110010111011100001101001100000110110001000
1010110100000000000010111001100101000110101000010001101110001100000100011110010010001111001001100101
1010110100000000000010111001100101000110101000010001101110001100000100011110010010001111001001100101
0101000010101010011100000110010000000001010011000100010000110011111011100001101101100000110110001010
1010110100000000000010111001100101000110101000010001101110001100000100011110010010001111001001100101
0101000010101010011100000110010000000001010011000100010000110011111011100001101101100000110110001010
1010110100000000000010111001100101000110101000010001101110001100000100011110010010001111001001100101
0101000011101100011100000010011000001001010011001100010000110010111011100001101001100000110110001000
0101000010101010011100000110010000000001010011000100010000110011111011100001101101100000110110001010
0101000011101000011100000010011000001001010011001100010000110010111011100001101001100000110110001000
0101000010101010011100000110010000000001010011000100010000110011111011100001101101100000110110001010
0101000011101000011100000010011000001001010011001100010000110010111011100001101001100000110110001000
1010110100000000000010111001100101000110101000010001101110001100000100011110010010001111001001100101
1010110100000000000010111001100101000110101000010001101110001100000100011110010010001111001001100101
1010110100000000000010111001100101000110101000010001101110001100000100011110010010001111001001100101
0101000010101010011100000110010000000001010011000100010000110011111011100001101101100000110110001010
1010110100000000000010111001100101000110101000010001101110001100000100011110010010001111001001100101
1010110100000000000010111001100101000110101000010001101110001100000100011110010010001111001001100101
0101000010101000011100000010011000001001010011001100010000110010111011100001101001100000110110001000
0101000011101000011100000010011000001001010011001100010000110010111011100001101001100000110110001000
0101000011101000011100000010011000001001010011101100010000110010111011100001101001100000110110001000
1010110100000000000010111001100101000110101000010001101110001100000100011110010010001111001001100101
1010110100000000000010111001100101000110101000010001101110001100000100011110010010001111001001100101
0101000010101010011100000110010000000001010011000100010000110011111011100001101101100000110110001010
1010110100000000000010111001100101000110101000010001101110001100000100011110010010001111001001100101
0101000010101000011100000010010000000001010011000100010000110010111011000001101001100000110110001000
1010010100000000000010111001100101000110101000010001101110001100000100011110010010001111001001100101
1010010100000000000010111001100101000110101000010001101110001100000100011110010010001111001001100101
0101000011101000011100000010011000001001010011101100010000110010111011100001101001100000110110001000
1010110100000000000010111001100101000110101000010001101110001100000100011110010010001111001001100101
0101000011101000011100000010011000001001010011001100010000110010111011100001101001100000110110001000
0101000010101000011100000010011000001001010011001100010000110010111011100001101001100000110110001000
0101000011101000011100000010011000001001010011101100010000110010111011100001101001100000110110001000
0101000011101000011100000010011000001001010011001100010000110010111011100001101001100000110110001000
0101000011101000011100000010011000001001010011001100010000110010111011100001101001100000110110001000
0101000011101000011100000010011000001001010111001100010000110010111011100001101001100000110110001000
1010110100000000000010111001100101000110101000010001101110001100000100011110010010001111001001100101
1010010100000000000010111001100101000110101000010001101110001100000100011110010010001111001001100101
0101000011101000011100000010011000001001010011001100010000110010111011100001101001100000110110001000
0101000011101000011100000010011000001001010111001100010000110010111011100001101001100000110110001000
0101000010101010011100000110010000000001010011000100010001110011111011100001101101100000110110001010
0101000010101010011100000110010000000001010011000100010000110011111011100001101101100000110110001010
0101000010101010011100000110010000100001010011000100010000110011111011100001101101100000110110001010
0101000011101000011100000010011000001001010011001100010000110010111011100001101001110000110110001000
0101000010101010011100000110010000000001010011000100010000110011111011100001101101100000110110001010
1010110100000000100010111001100101000110101000010001101110001100000100011110010010001111001001100101
0101000010101010011101000110010000000001010011000100010000110011111011100001101101100000110110001010
0101000011101000011100000010011000001001010011101100010000110010111011100001101001100000110110001000
1010010100000000000010111001100101000110101000010001101110001100000100011110010010001111001001100101
1010110100000000000010111001100101000110101000010001101110001100000100011110010010001111001001100101
1010110100000000000010111001100101000110101000010001101110001100000100011110010010001111001001100101
0101000011101000011100000010011000001001010011101100010000110010111011100001101001100000110110001000
1010110100000000000010111001100101000110101000010001101110001100000100011110010010001111001001100101
1010110100000000000010111001100101000110101000010001101110001100000100011110010010001111001001100101
0101000011101000011100000010011000001001010011001100010000110010111011100001101001100000110110001000
1010010100000000000010111001100101000110101000010001101110001100000100011110010010001111001001100101
0101000010101010011101000110010000000001010011000100010000110011111011100001101101100000110110001010
0101000010101010011100000110010000000001010011000100010000110011111011100001101101100000110110001010
0101000011101000011100000010011000001001010011001100010000110010111011100001101001110000110110001000
0101000011101000011100000010011010001001010011001100010000110010111011100001101001100000110110001000
0101000010101010011100000110010000000001010011000100010000110011111011100001101101100000110110001010
0101000011101000011100000010011000001001010011001100010000110010111011100001101001110000110110001000
0101000011101000011100000010011000001001010011001100010000110010111011100001101001100000110110001000
0101000010101010011100000110010000000001010011000100010000110011111011100001101101100000110110001010
0101000010101010011100000110010000000001010011000100010000110011111011100001101101100000110110001010
0101000010101010011100000110010000000001010011000100010000110011111011100001101101100000110110001010
0101000011101000011100000010011000001001010011001100010000110010111011100001101001110000110110001000
0101000010101010011100000110010000000001010011000100010000110011111011100001101101100000110110001010
0101000011101000011100000010011000001001010011001100010000110010111011100001101001110000110110001000
0101000010101010011100000110010000000001010011000100010000110011111011100001101101100000110110001010
1010110100000000000010111001100101000110101000010001101110001100000100011110010010001111001001100101
0101000011101000011100000010011000001001010011001100010000110010111011100001101001100000110110001000
1010110100000000100010111001100101000110101000010001101110001100000100011110010010001111001001100101
0101000010101010011100000110010000000001010011000100010000110011111011100001101101100000110110001010
0101000011101000011100000010011000001001010011101100010000110010111011100001101001100000110110001000
1010010100000000000010111001100101000110101000010001101110001100000100011110010010001111001001100101
0101000010101010011100000110010000000001010011000100010000110011111011100001101101100000110110001010
0101000011101000011100000010011000001001010011101100010000110010111011100001101001100000110110001000
1010110100000000000010111001100101000110101000010001101110001100000100011110010010001111001001100101
1010010100000000000010111001100101000110101000010001101110001100000100011110010010001111001001100101
0101000011101000011100000010011000001001010011001100010000110010111011100001101001110000110110001000
0101000011101000011100000010011000001001010011001100010000110010111011100001101001110000110110001000
0101000010101000011100000010010000000001010011000100010000110010111011000001101001100000110110001000
0101000010101000011100000010011000001001010011001100010000110010111011100001101001100000110110001000
0101000010101010011100000110010000000001010011000100010000110011111011100001101101100000110110001010
0101000011101000011100000010011000001001010111001100010000110010111011100001101001100000110110001000
1010010100000000000010111001100101000110101000010001101110001100000100011110010010001111001001100101
0101000011101000011100000010011000001001010011101100010000110010111011100001101001100000110110001000
0101000011101000011100000010011000001001010111001100010000110010111011100001101001100000110110001000
0101000011101000011100000010011000001001010111001100010000110010111011100001101001100000110110001000
0101000010101010011100000110010000000001010011000100010000110011111011100001101101100000110110001010
1010110100000000000010111001100101000110101000010001101110001100000100011110010010001111001001100101
0101000011101000011100000010011010001001010011001100010000110010111011100001101001100000110110001000
0101000011101000011100000010011000001001010011101100010000110010111011100001101001100000110110001000
0101000011101000011100000010011000001001010011001100010000110010111011100001101001110000110110001000
0101000011101000011100000010011000001001010011101100010000110010111011100001101001100000110110001000
1010010100000000000010111001100101000110101000010001101110001100000100011110010010001111001001100101
1010110100000000000010111001100101000110101000010001101110001100000100011110010010001111001001100101
1010110100000000000010111001100101000110101000010001101110001100000100011110010010001111001001100101
0101000010101010011100000110010000000001010011000100010000110011111011100001101101100000110110001010
0101000010101000011100000010011000001001010011001100010000110010111011100001101001100000110110001000
0101000010101000011100000010010000000001010011000100010000110010111011000001101001100000110110001000
0101000010101010011100000110010000000001010011000100010000110011111011100001101101100000110110001010
0101000011101000011100000010011000001001010011101100010000110010111011100001101001100000110110001000
0101000011101000011100000010011000001001010011001100010000110010111011100001101001100000110110001000
0101000011101000011100000010011000001001010011001100010000110010111011100001101001100000110110001000
0101000011101000011100000010011000001001010011001100010000110010111011100001101001100000110110001000
0101000011101000011100000010011000001001010011001100010000110010111011100001101001100000110110001000
0101000011101000011100000010011000001001010011001100010000110010111011100001101001100000110110001000
0101000011101000011100000010011000001001010011001100010000110010111011100001101001100000110110001000
0101000011101000011100000010011000001001010011001100010000110010111011100001101001110000110110001000
0101000010101010011100000110010000000001010011000100010000110011111011100001101101100000110110001010
1010110100000000000010111001100101000110101000010001101110001100000100011110010010001111001001100101
1010110100000000000010111001100101000110101000010001101110001100000100011110010010001111001001100101
0101000010101000011100000010011000001001010011001100010000110010111011100001101001100000110110001000
1010110100000000000010111001100101000110101000010001101110001100000100011110010010001111001001100101
0101000011101100011100000010011000001001010011001100010000110010111011100001101001100000110110001000
0101000010101010011100000110010000000001010011000100010000110011111011100001101101100000110110001010
0101000011101000011100000010011000001001010011001100010000110010111011100001101001100000110110001000
1010110100000000000010111001100101000110101000010001101110001100000100011110010010001111001001100101
0101000011101000011100000010011000001001010111001100010000110010111011100001101001100000110110001000
1010110100000000100010111001100101000110101000010001101110001100000100011110010010001111001001100101
0101000011101000011100000010011000001001010111001100010000110010111011100001101001100000110110001000
0101000011101000011100000010011000001001010011001100010000110010111011100001101001100000110110001000
0101000011101000011100000010011000001001010111001100010000110010111011100001101001100000110110001000
0101000010101000011100000010010000000001010011000100010000110010111011000001101001100000110110001000
1010010100000000000010111001100101000110101000010001101110001100000100011110010010001111001001100101
0101000010101010011100000110010000000001010011000100010000110011111011100001101101100000110110001010
0101000010101010011100000110010000000001010011000100010000110011111011100001101101100000110110001010
0101000011101000011100000010011000001001010011101100010000110010111011100001101001100000110110001000
0101000010101000011100000010010000000001010011000100010000110010111011000001101001100000110110001000
0101000010101000011100000010010000000001010011000100010000110010111011000001101001100000110110001000
0101000011101000011100000010011000001001010011001100010000110010111011100001101001100000110110001000
0101000011101000011100000010011000001001010011001100010000110010111011100001101001110000110110001000
0101000011101000011100000010011000001001010011001100010000110010111011100001101001100000110110001000
0101000010101010011100000110010000000001010011000100010000110011111011100001101101100000110110001010
0101000010101000011100000010011000001001010011001100010000110010111011100001101001100000110110001000
0101000011101000011100000010011000001001010011101100010000110010111011100001101001100000110110001000
0101000010101010011100000110010000000001010011000100010000110011111011100001101101100000110110001010
0101000010101000011100000010011000001001010011001100010000110010111011100001101001100000110110001000
1010110100000000100010111001100101000110101000010001101110001100000100011110010010001111001001100101
0101000011101000011100000010011000001001010011101100010000110010111011100001101001100000110110001000
0101000011101000011100000010011000001001010011001100010000110010111011100001101001100000110110001000
0101000010101010011100000110010000000001010011000100010000110011111011100001101101100000110110001010
0101000010101010011100000110010000000001010011000100010000110011111011100001101101100000110110001010
0101000011101000011100000010011000001001010011001100010000110010111011100001101001100000110110001000
0101000010101010011100000110010000000001010011000100010000110011111011100001101101100000110110001010
0101000010101010011100000110010000000001010011000100010000110011111011100001101101100000110110001010
0101000010101010011100000110010000000001010011000100010000110011111011100001101101100000110110001010
0101000011101000011100000010011000001001010011001100010000110010111011100001101001100000110110001000
1010110100000000000010111001100101000110101000010001101110001100000100011110010010001111001001100101
0101000010101010011101000110010000000001010011000100010000110011111011100001101101100000110110001010
0101000010101010011100000110010000000001010011000100010000110011111011100001101101100000110110001010
1010110100000000000010111001100101000110101000010001101110001100000100011110010010001111001001100101
0101000011101000011100000010011000001001010011101100010000110010111011100001101001100000110110001000
0101000010101000011100000010010000000001010011000100010000110010111011000001101001100000110110001000
0101000011101000011100000010011000001001010011101100010000110010111011100001101001100000110110001000
1010110100000000000010111001100101000110101000010001101110001100000100011110010010001111001001100101
0101000010101000011100000010011000001001010011001100010000110010111011100001101001100000110110001000
0101000010101010011101000110010000000001010011000100010000110011111011100001101101100000110110001010
1010110100000000000010111001100101000110101000010001101110001100000100011110010010001111001001100101
1010110100000000000010111001100101000110101000010001101110001100000100011110010010001111001001100101
1010010100000000000010111001100101000110101000010001101110001100000100011110010010001111001001100101
1010110100000000000010111001100101000110101000010001101110001100000100011110010010001111001001100101
0101000010101010011100000110010000000001010011000100010000110011111011100001101101100000110110001010
0101000011101000011100000010011000001001010011001100010000110010111011100001101001100000110110001000
1010010100000000000010111001100101000110101000010001101110001100000100011110010010001111001001100101
0101000011101000011100000010011000001001010011101100010000110010111011100001101001100000110110001000
1010010100000000000010111001100101000110101000010001101110001100000100011110010010001111001001100101
1010110100000000000010111001100101000110101000010001101110001100000100011110010010001111001001100101
0101000010101010011100000110010000000001010011000100010000110011111011100001101101100000110110001010
0101000011101000011100000010011000001001010011101100010000110010111011100001101001100000110110001000
0101000011101000011100000010011000001001010011101100010000110010111011100001101001100000110110001000
0101000011101000011100000010011000001001010011001100010000110010111011100001101001100000110110001000
0101000010101000011100000010011000001001010011001100010000110010111011100001101001100000110110001000
0101000010101010011100000110010000000001010011000100010000110011111011100001101101100000110110001010
1010010100000000000010111001100101000110101000010001101110001100000100011110010010001111001001100101
1010010100000000000010111001100101000110101000010001101110001100000100011110010010001111001001100101
1010110100000000000010111001100101000110101000010001101110001100000100011110010010001111001001100101
0101000011101000011100000010011000001001010111001100010000110010111011100001101001100000110110001000
1010011100000000000010111001100101000110101000010001101110001100000100011110010010001111001001100101
1010110100000000000010111001100101000110101000010001101110001100000100011110010010001111001001100101
0101000011101000011100000010011000001001010011001100010000110010111011100001101001110000110110001000
0101000010101000011100000010010000000001010011000100010000110010111011000001101001100000110110001000
0101000011101000011100000010011000001001010011101100010000110010111011100001101001100000110110001000
1010110100000000000010111001100101000110101000010001101110001100000100011110010010001111001001100101
0101000010101010011100000110010000000001010011000100010000110011111011100001101101100000110110001010
1010110100000000000010111001100101000110101000010001101110001100000100011110010010001111001001100101
0101000010101000011100000010010000000001010011000100010000110010111011000001101001100000110110001000
1010110100000000000010111001100101000110101000010001101110001100000100011110010010001111001001100101
0101000010101010011100000110010000000001010011000100010000110011111011100001101101100000110110001010
0101000010101010011100000110010000000001010011000100010000110011111011100001101101100000110110001010
0101000011101000011100000010011000001001010011001100010000110010111011100001101001110000110110001000
0101000010101000011100000010010000000001010011000100010000110010111011000001101001100000110110001000
1010110100000000000010111001100101000110101000010001101110001100000100011110010010001111001001100101
0101000010101000011100000010010000000001010011000100010000110010111011000001101001100000110110001000
0101000010101010011100000110010000000001010011000100010000110011111011100001101101100000110110001010
1010110100000000000010111001100101000110101000010001101110001100000100011110010010001111001001100101
0101000010101000011100000010011000001001010011001100010000110010111011100001101001100000110110001000
0101000011101000011100000010011000001001010011001100010000110010111011100001101001100000110110001000
1010010100000000000010111001100101000110101000010001101110001100000100011110010010001111001001100101
0101000010101010011100000110010000000001010011000100010000110011111011100001101101100000110110001010
1010110100000000000010111001100101000110101000010001101110001100000100011110010010001111001001100101
0101000011101000011100000010011000001001010011001100010000110010111011100001101001110000110110001000
0101000010101000011100000010010000000001010011000100010000110010111011000001101001100000110110001000
0101000011101000011100000010011000001001010011001100010000110010111011100001101001110000110110001000
1010110100000000000010111001100101000110101000010001101110001100000100011110010010001111001001100101
0101000010101000011100000010011000001001010011001100010000110010111011100001101001100000110110001000
1010010100000000000010111001100101000110101000010001101110001100000100011110010010001111001001100101
1010010100000000000010111001100101000110101000010001101110001100000100011110010010001111001001100101
0101000010101000011100000010010000000001010011000100010000110010111011000001101001100000110110001000
1010110100000000000010111001100101000110101000010001101110001100000100011110010010001111001001100101
0101000010101000011100000010011000001001010011001100010000110010111011100001101001100000110110001000
0101000011101000011100000010011000001001010011001100010000110010111011100001101001100000110110001000
1010010100000000000010111001100101000110101000010001101110001100000100011110010010001111001001100101
1010110100000000000010111001100101000110101000010001101110001100000100011110010010001111001001100101
0101000010101010011100000110010000000001010011000100010000110011111011100001101101100000110110001010
1010110100000000000010111001100101000110101000010001101110001100000100011110010010001111001001100101
1010010100000000000010111001100101000110101000010001101110001100000100011110010010001111001001100101
0101000010101010011100000110010000000001010011000100010000110011111011100001101101100000110110001010
0101000011101000011100000010011000001001010111001100010000110010111011100001101001100000110110001000
0101000010101010011100000110010000000001010011000110010000110011111011100001101101100000110110001010
0101000011101000011100000010011000001001010011101100010000110010111011100001101001100000110110001000
0101000011101000011100000010011000001001010011001100010000110010111011100001101001100000110110001000
1010010100000000000010111001100101000110101000010001101110001100000100011110010010001111001001100101
1010010100000000000010111001100101000110101000010001101110001100000100011110010010001111001001100101
0101000010101010011100000110010000000001010011000110010000110011111011100001101101100000110110001010
1010110100000000000010111001100101000110101000010001101110001100000100011110010010001111001001100101
0101000011101000011100000010011000001001010011001100010000110010111011100001101001110000110110001000
0101000011101000011100000010011000001001010011101100010000110010111011100001101001100000110110001000
0101000010101010011100000110010000000001010011000100010000110011111011100001101101100000110110001010
1010010100000000000010111001100101000110101000010001101110001100000100011110010010001111001001100101
0101000011101000011100000010011000001001010011001100010000110010111011100001101001100000110110001000
1010110100000000000010111001100101000110101000010001101110001100000100011110010010001111001001100101
0101000010101010011100000110010000000001010011000100010000110011111011100001101101100000110110001010
0101000011101000011100000010011000001001010011001100010000110010111011100001101001100000110110001000
1010110100000000000010111001100101000110101000010001101110001100000100011110010010001111001001100101
1010110100000000000010111001100101000110101000010001101110001100000100011110010010001111001001100101
0101000011101000011100000010011000001001010011001100010000110010111011100001101001100000110110001000
0101000010101010011100000110010000000001010011000100010000110011111011100001101101100000110110001010
0101000011101000011100000010011000001001010011001100010000110010111011100001101001100000110110001000
0101000010101010011100000110010000000001010011000100010000110011111011100001101101100000110110001010
0101000010101010011100000110010000000001010011000100010000110011111011100001101101100000110110001010
0101000010101010011100000110010000000001010011000100010000110011111011100001101101100000110110001010
1010010100000000000010111001100101000110101000010001101110001100000100011110010010001111001001100101
1010110100000000000010111001100101000110101000010001101110001100000100011110010010001111001001100101
0101000011101000011100000010011000001001010011001100010000110010111011100001101001110000110110001000
0101000010101000011100000010011000001001010011001100010000110010111011100001101001100000110110001000
0101000010101010011100000110010000010001010011000100010000110011111011100001101101100000110110001010
1010010100000000000010111001100101000110101000010001101110001100000100011110010010001111001001100101
0101000011101100011100000010011000001001010011001100010000110010111011100001101001100000110110001000
1010010100000000000010111001100101000110101000010001101110001100000100011110010010001111001001100101
0101000011101000011100000010011000001001010011101100010000110010111011100001101001100000110110001000
0101000010101000011100000010010000000001010011000100010000110010111011000001101001100000110110001000
1010110100000000000010111001100101000110101000010001101110001100000100011110010010001111001001100101
1010010100000000000010111001100101000110101000010001101110001100000100011110010010001111001001100101
0101000010101010011100000110010000000001010011000100010000110011111011100001101101100000110110001010
0101000010101010011100000110010000000001010011000100010000110011111011100001101101100000110110001010
0101000010101010011100000110010000000001010011000100010000110011111011100001101101100000110110001010
0101000010101010011100000110010000000001010011000100010000110011111011100001101101100000110110001010
0101000011101000011100000010011000001001010011001100010000110010111011100001101001100000110110001000
0101000011101000011100000010011000001001010011101100010000110010111011100001101001100000110110001000
