"k.vec" "diffStat.vec"
0.05 2.26402315463144
0.05 0.88361809299605
0.23 -1.21169575360023
0.06 2.286286720267
0.08 1.13475512481843
0.06 2.95177535607814
0.21 -1.02380787851393
0.08 2.08176850606245
0.11 1.49177924118052
0.1 0.0902806211126397
0.06 1.44853004430753
0.1 1.53440952812079
0.07 3.05522691541962
0.1 0.216756011994699
0.09 0.752965060068091
0.04 3.73593901638156
0.03 3.10384668413168
0.05 1.80851212990057
0.07 1.39431811871875
0.06 1.30757426223711
0.03 3.86670475204418
0.1 1.95084613270081
0.14 0.256052017183194
0.11 1.48618421898004
0.1 1.08600355121329
0.12 1.3473459111702
0.08 1.72215222680311
0.07 1.78247493286964
0.04 2.3050011048686
0.19 1.33939941326853
0.07 2.69216842721345
0.07 1.75342246013251
0.09 1.07460911371727
0.06 2.13215522442813
0.09 1.85607745946798
0.09 2.35983003017426
0.05 3.70042046302012
0.09 1.59206461776431
0.06 0.896800492519945
0.12 0.452479512190023
0.12 0.871998250030704
0.05 2.90352234880769
0.1 1.22728693530057
0.08 2.06148296893102
0.05 1.87081764001082
0.08 2.91093494138159
0.05 2.44450703311513
0.02 2.20349127993025
0.13 0.600678832732348
0.07 2.0678468530078
0.09 0.936702036130274
0.07 1.48012596943794
0.1 2.41908015004564
0.16 0.371869358776227
0.07 1.22374730534581
0.12 1.32960191621621
0.04 0.814416703697087
0.08 2.27477575960464
0.04 0.887027828273569
0.02 4.37905997979376
0.18 0.0414917982985833
0.06 1.29140619535256
0.09 0.20962804158122
0.08 2.20441391418181
0.09 2.53164248384433
0.06 0.82501553629502
0.1 0.711427416589306
0.06 0.190662463596437
0.02 1.21819430789385
0.07 1.24331555642867
0.08 2.18592111461786
0.15 0.456805195963659
0.08 1.19817620098027
0.1 1.27798024330885
0.14 0.54803805967341
0.06 3.21885886974742
0.13 0.292683271272453
0.07 0.242200087006767
0.08 0.182906987278945
0.09 2.21739574104232
0.12 0.964446966123727
0.1 1.36294186841014
0.02 3.12719811768912
0.07 1.58603120102815
0.03 2.38654153339732
0.09 0.813027021672216
0.05 2.5659222622324
0.07 1.83185401237879
0.14 0.00711459890258622
0.15 -0.102184131130485
0.05 3.54170349405313
0.02 2.11300149018294
0.04 3.75485301853862
0.11 0.459158581880691
0.1 1.3340441231562
0.05 2.80081672875241
0.09 1.68393931399689
0.19 -0.614484917728574
0.07 3.29279377390223
0.07 1.9110143119687
0.13 0.667923205901442
0.03 2.92451562090849
0.17 -0.276335644098783
0.08 1.12008275693797
0.07 2.171024296376
0.09 1.18962320954885
0.19 -0.34339759165499
0.09 1.80432493677546
0.13 1.03519658536243
0.16 0.255740652000989
0.07 1.75172809868088
0.11 1.67506827162782
0.08 2.18394977186918
0.01 4.45612286238943
0.08 0.773416785977754
0.09 1.5701783197575
0.02 3.25579098283175
0.08 0.461018177002632
0.05 2.12601483560484
0.09 1.22874538509574
0.04 4.21392277538266
0.06 0.710425508380309
0.12 1.85990266669108
0.05 2.03918406430239
0.03 0.494953161431264
0.04 1.88699525797458
0.11 0.699479016499179
0.08 2.01232451935159
0.05 1.81251785252071
0.06 1.36445571446473
0.04 2.39205155099284
0.12 1.47782415934864
0.02 2.80364289309027
0.04 3.95236838146732
0.03 2.97324427192353
0.12 0.45793317841821
0.13 0.915470942157179
0.06 2.01680206528464
0.04 2.95863589627377
0.06 3.08114376885252
0.09 0.699063544553599
0.03 2.89869141294391
0.03 0.973412564176966
0.04 2.83521112009098
0.05 1.68340731888496
0.1 1.14518299309853
0.15 1.44451381550026
0.07 1.79990278710181
0.05 2.63628888319483
0.06 1.15388689158145
0.14 0.989405846311991
0.05 2.33661804237327
0.07 2.3644307850291
0.04 1.66688108653009
0.06 2.66027928395133
0.11 0.549124017379443
0.06 2.83812706457341
0.04 2.16541876798839
0.14 1.62305786979665
0.15 0.752673752152225
0.1 0.0431403145700109
0.12 0.0725643242883586
0.1 0.772803606692553
0.08 2.42836761946821
0.11 0.712833335448831
0.14 0.452480467297944
0.11 1.22268236001404
0.05 1.84328665419165
0.19 -1.27613592991364
0.13 1.77608048533939
0.09 2.2841176701787
0.04 0.652245109380305
0.03 3.47721269701992
0.03 2.81955976659163
0.06 3.41322237653724
0.05 1.94873820951944
0.09 3.10660599091509
0.05 0.539035212411257
0.06 2.0561009357969
0.11 1.50261016500323
0.14 0.689740736137954
0.08 1.84307079980153
0.08 2.05909901956052
0.08 0.691704438023269
0.06 2.36374406243399
0.09 1.03489286104359
0.07 2.49295106196975
0.12 0.163934723538715
0.05 2.93540576142229
0.03 2.81937352054706
0.1 0.357682185719573
0.09 1.66818767416584
0.06 1.5140666845141
0.06 2.04695291213078
0.1 1.00329598080525
0.07 2.43759491709177
0.03 2.07239412181908
0.16 -0.118934813846763
0.01 4.27090164861821
0.05 2.18441681964248
0.09 2.6309794382627
0.06 1.74151703989882
0.07 0.783500815406335
0.07 0.918298061602965
0.07 1.29230686212195
0.06 2.79760756613827
0.06 2.49927960705346
0.11 1.78044532853778
0.09 2.77857990613863
0.11 -0.0867180685677818
0.05 1.84563812989284
0.03 4.08142924949118
0.02 3.15219042665461
0.07 2.15539586546674
0.07 1.37076515739002
0.14 0.316789240087377
0.06 1.29663445611143
0.09 2.95863876159753
0.04 2.01950406559279
0.1 1.16946852220257
0.13 2.77152452392714
0.06 2.22974815178298
0.15 0.876246570062749
0.11 1.19012941674691
0.05 4.15999451684639
0.11 0.846749972142415
0.06 2.03090805416802
0.01 1.78598017893924
0.13 1.38577085793486
0.06 3.11946460885381
0.07 1.48622242329688
0.02 3.2556926067159
0.13 0.949931235942292
0.07 1.78430874007771
0.06 3.52558891321216
0.05 1.21460596743513
0.07 1.52630352719633
0.03 4.16538610105972
0.09 1.46133326598684
0.06 3.26246145655113
0.06 1.92041925966554
0.05 2.73164590290691
0.02 3.12613508257319
0.07 1.84093040295085
0.05 1.83426470477108
0.09 0.531364740698722
0.06 3.83523681137516
0.07 2.44106959970791
0.07 0.6884570710923
0.03 3.0046596816569
0.07 3.7141329474401
0.03 2.72026388181386
0.1 0.0190353008630073
0.17 0.380419484883886
0.05 3.4585155043609
0.01 1.3192466361381
0.12 2.2733555141263
0.03 3.28682148407301
0.06 3.54888017497058
0.06 0.375155885131952
0.05 2.19234612560158
0.03 1.90466379940282
0.13 0.431604673471414
0.12 0.439245536838401
0.09 0.355621062826328
0.11 2.73594961919837
0.07 2.0070628298155
0.11 1.00625490514412
0.02 2.74260003565141
0.03 3.25859708990328
0.09 0.919373513121868
0.07 0.999937821355462
0.08 2.9474086026639
0.04 1.65061273331385
0.03 3.24090085034534
0.1 0.809328843802594
0.07 0.887649603530057
0.11 0.80462207196853
0.05 3.66871565558672
0.03 3.35030655246555
0.06 0.231053022462253
0.05 3.02832725593614
0.12 0.975998996426691
0.02 0.512459334512953
0.02 3.75203067463243
0.07 1.34361908006295
0.04 1.64132526389128
0.01 2.58192414033872
0.14 -0.205539224571961
0.05 1.30527531747157
0.1 0.778734826881177
0.07 2.43560638240051
0.06 3.16673576518159
0.02 3.78006977786551
0.06 2.79648531433125
0.08 1.63234438411131
0.03 2.94192819341393
0.02 1.16037207436418
0.05 1.6733423916148
0.07 1.3656027990777
0.15 0.267828497847564
0.04 1.39029138372435
0.11 -0.12585361562557
0.06 1.4118586756856
0.21 -0.988622657816875
0.11 1.44016329892068
0.09 1.26451608694829
0.07 2.59409890100609
0.05 1.51989188772351
0.04 1.33804698045258
0.1 0.565990268154146
0.18 -0.230366299867145
0.07 1.07757376870366
0.14 -0.524460265538728
0.2 -0.637354021785967
0.13 0.26973871368931
0.11 2.37319390020312
0.06 1.22357825124382
0.11 1.19222492352531
0.08 1.21532993923915
0.06 2.11749909338233
0.08 1.12478952877204
0.08 0.81377487117426
0.04 2.95940953368968
0.13 0.145299612894553
0.07 3.34996462382987
0.05 4.12578923687615
0.08 1.00198652784574
0.1 1.4829607297471
0.01 3.95775996568065
0.05 1.96216225134732
0.08 0.948680999673869
0.03 1.2991912800156
0.19 0.251919265209575
0.07 1.23845023667974
0.06 2.98247825530253
0.04 3.3799779351354
0.02 2.03280203317512
0.11 2.17063174702052
0.05 2.94135512866141
0.12 2.35127226320323
0.04 3.58019911880394
0.09 2.18322866538892
0.12 1.68924207317358
0.09 2.05526139593445
0.03 3.12327357924225
0.1 2.07965867266524
0.11 1.81113963179089
0.27 -0.748330876436013
0.14 -0.964604558930671
0.04 2.86256063540519
0.06 2.42691299010472
0.08 1.32353602581075
0.08 2.04634832881686
0.14 0.612361712820472
0.08 1.49722431143742
0.07 2.57370066114
0.14 0.992878618712287
0.2 0.363224676984401
0.06 3.23562196886667
0.05 3.08443220542409
0.04 3.13490201817888
0.12 1.14678470908183
0.04 2.56151157385381
0.12 0.690951812981621
0.08 1.92067427348042
0.05 1.68455153817417
0.13 -0.509402989166159
0.04 1.79977289242458
0.15 0.850869352605143
0.05 1.62643035586526
0.07 2.39217858034632
0.02 3.09319723081395
0.09 2.82144705984327
0.02 3.75642512617637
0.04 2.34547475812353
0.05 2.47718223019613
0.07 2.84065045970036
0.05 0.667946128491543
0.03 1.17860603968157
0.1 0.215170532846049
0.17 0.265487528333503
0.14 -0.240905915773983
0.05 3.36056059110404
0.04 2.41403813533135
0.03 3.14406150314006
0.1 2.68050655949959
0.08 0.733798909419924
0.05 3.1526794419101
0.04 2.44066558905738
0.04 3.54082097433425
0.06 1.64357454304493
0.07 2.08880478611553
0.03 2.96274477054937
0.07 0.716164751876838
0.11 2.3300488100935
0.09 0.381998278277089
0.17 -1.19577792499095
0.09 1.85353114175094
0.04 3.44566070685387
0.14 0.208351062291013
0.03 2.44021859855041
0.07 1.92985095038417
0.08 2.74039373635419
0.11 1.65130996209609
0.14 0.255965102362395
0.03 3.42991957320995
0.07 -0.339365126013062
0.05 1.77675670174737
0.06 1.8354509488088
0.07 1.63771877638206
0.03 3.5474580192764
0.02 2.83491790195927
0.06 2.50196823585072
0.02 1.95454526567835
0.04 2.22249888266355
0.05 2.45126155633155
0.05 3.61436141891774
0.13 1.03123670792248
0.07 2.15027648701086
0.07 1.73809488821833
0.07 0.733743513160513
0.09 1.46324730226027
0.08 2.4844286339918
0.01 1.53629873158827
0.13 0.0619865040646853
0.06 2.32879188806963
0.09 1.59604550757851
0.13 0.289597317580111
0.03 2.07762142747002
0.1 0.994301729514388
0.11 0.908227403685275
0.04 2.36165142097936
0.12 0.424708794282707
0.05 3.28305835886477
0.06 2.40792066909815
0.12 1.27170995980831
0.06 1.9189302464169
0.06 1.95146504263353
0.02 3.82961122572122
0.05 3.68394389627713
0.07 2.36666191713226
0.07 1.70391062062235
0.07 2.23797927184507
0.13 -0.158906080335316
0.03 2.42604575211257
0.05 0.493488980988565
0.02 2.48486416320372
0.08 2.02438466706846
0.07 1.23211405073266
0.11 0.439434648206734
0.04 3.00090992795955
0.02 2.76298299379077
0.06 2.65224491612094
0.1 1.12046766543008
0.07 2.86442214074297
0.04 3.5123625787239
0.01 4.30905152430166
0.04 1.40301342123039
0.16 0.101590054003702
0.12 1.6720109711731
0.08 0.638539310715771
0.15 1.06926719511582
0.05 1.47964746036959
0.06 0.140433338037703
0.17 0.244493301124784
0.06 1.50261971608243
0.06 3.04491270498211
0.12 -0.191651955402462
0.03 2.56251443717073
0.07 3.09635768292412
0.07 1.14848957672059
0.08 2.23483792189331
0.08 0.967658038953703
0.12 2.22138140639613
0.08 1.79674615542333
0.13 0.691676739893564
0.04 2.92444685313819
0.03 2.44314791454373
0.09 2.40990442824981
0.15 -0.943657132010075
0.11 1.44391305261803
0.1 0.391034554316473
0.06 2.81291221546235
0.07 1.74271187990783
0.02 2.70636324113347
0.08 2.90737238883673
0.09 3.11413319643949
0.09 0.996590168092801
0.05 1.52545252603883
0.02 3.96342089032767
0.11 1.07153366621206
0.07 0.653068412408098
0.05 2.94110966592574
0.16 -0.0712835245664673
0.04 2.46752799933194
0.05 1.65493173133204
0.1 0.751628864086789
0.07 2.0385985831469
0.05 3.6197453622677
0.11 -0.131437176530997
0.05 1.32535932683169
0.09 1.25615984774857
0.07 1.55553747043843
0.11 -0.151397021861409
0.07 2.10381908263166
0.16 0.718915462688953
0.09 1.44603434731029
0.03 1.78819889463943
0.08 2.48726816984056
0.05 3.59921531750853
0.06 1.11254409011852
0.14 -0.434784227740001
0.06 2.44992536035025
0.01 3.60528884877736
0.07 1.73070044269493
0.04 2.54747244252489
0.05 3.39654237180711
0.13 1.10064535564028
0.07 1.47895596223487
0.04 2.75495053617623
0.27 -2.07258514340326
0.02 4.73283386390112
0.03 2.45337903059212
0.13 0.365160680740012
0.1 2.4642452934079
0.08 1.11232632551256
0.05 1.7882705277335
0.1 1.70277213198067
0.06 1.29310915277548
0.07 1.83806507918823
0.06 1.879011510864
0.07 1.69460691436512
0.09 0.600864123668998
0.11 1.52821947368561
0.05 1.54223759264026
0.03 3.19378060106905
0.02 3.61098129198577
0.05 3.01711906448469
0.08 -0.0952997132368296
0.15 0.501950282059583
0.12 1.30731924842224
0.15 1.09018405858295
0.05 3.26973364826066
0 2.07986402086823
0.05 2.17559353266945
0.08 1.861738384115
0.05 1.9814802641549
0.1 0.970962712359925
0.06 3.89927202193012
0.04 3.82536099547333
0.09 2.30255602859116
0.05 2.29949490770476
0.05 2.02105707107213
0.06 3.06258888727371
0.1 2.1022421994543
0.09 1.32639943935752
0.18 -0.381350715106737
0.04 2.99126238285081
0.02 1.27014740324976
0.04 1.37729523024503
0.12 0.814629692763442
0.06 0.720883940113873
0.1 1.64318772433698
0.03 4.01127657270303
0.04 3.40028161931733
0.07 1.54510864705041
0.1 1.30955706628084
0.12 2.63455249699468
0.07 2.33816722742093
0.21 -0.452667668450435
0.03 2.43663312341545
0.07 1.63445135218475
0.11 2.40739822506544
0.04 2.55294234558773
0.11 1.59131485804642
0.1 0.284958358408428
0.08 1.38776512327364
0.17 -0.384102381026773
0.03 1.61428997908303
0.06 2.98072085672813
0.06 2.84065523523996
0.06 0.987671370327685
0.1 0.763313654390754
0.05 1.5320580524196
0.07 1.00026924380401
0.09 1.45351379743865
0.09 1.74516173172487
0.06 3.18409867207515
0.04 1.32897727563596
0.06 1.77460675381748
0.04 2.37971919751852
0.02 4.56841299043068
0.13 0.853791027735094
0.04 2.98282973501742
0.01 1.89710316510118
0.07 0.177855421485445
0.08 1.55986124399622
0.03 3.22915970867404
0.05 1.36639171822034
0.05 2.29452548119246
0.13 -0.317432982826046
0.19 -0.635939506955154
0.1 0.984405856346219
0.07 1.99450125044017
0.12 0.290087287943519
0.04 2.61474737914745
0.08 2.0872384091253
0.16 0.110110571765814
0.13 0.403127175702651
0.1 2.91171430944502
0.04 3.06062136495671
0.08 1.45606107026362
0.12 1.39936872940433
0.08 0.83974521065073
0.09 1.25593539738717
0.04 3.02455266943285
0.06 2.32906695915084
0.07 2.01087848595939
0.09 0.946273172605347
0.06 2.52886216468667
0.06 1.85167918749236
0.07 2.36886344088988
0.1 2.11495182055736
0.04 2.06418401413125
0.06 1.68316376636514
0.05 3.28127899280818
0.03 2.08848673517788
0.07 1.89852436568744
0.08 1.67255729290384
0.02 3.3685844527473
0.16 0.14344765863598
0.12 0.795453035928145
0.03 4.44824513225807
0.11 -0.879928511097716
0.02 4.19141947765897
0.04 1.33039465579054
0.06 2.22201750827143
0.11 2.0711505713061
0.08 2.12183432823517
0.03 4.69780241557932
0.33 -2.94840669044122
0.07 1.63024123646954
0.08 0.86316827730223
0.09 2.51303984686948
0.13 0.996208124924452
0.07 1.98137902271529
0.1 1.76725815347428
0.07 3.12884854417639
0.06 3.26052163236384
0.09 1.74212257832065
0.04 3.42047833141212
0.08 1.58822221859864
0.1 1.70941777289411
0.04 3.21160195976462
0.07 2.60292218797912
0.09 2.21512258419064
0.09 0.666737916971638
0.06 2.52002837152651
0.15 0.642130516498255
0.09 2.22774242514914
0.12 1.17594319879818
0.06 3.09381614074667
0.05 2.50283356362703
0.06 1.91659691776621
0.12 0.0856884622290803
0.05 2.94930449188684
0.03 2.52496914480119
0.12 1.79610814333218
0.04 2.52355749529414
0.03 2.95300171464854
0.1 2.36879944865918
0.05 1.06627293178388
0.06 2.13333478271041
0.03 2.92874483878212
0.03 4.30446891649731
0.1 0.942452740921853
0.03 2.40358543424531
0.02 3.25535927405152
0.09 1.48515174731758
0.09 2.85512703045703
0.07 1.40892840458436
0.05 3.478442876022
0.06 2.3196390888639
0.19 -0.390033601215398
0.07 1.32375856595631
0.09 1.70518855502048
0.06 3.7972875083551
0.06 2.88152143785037
0.12 1.04214786081054
0.12 1.64921827574938
0.06 1.31022659693338
0.07 1.39363330633949
0.07 1.35036023176848
0.02 2.78846049758007
0.05 0.668984330801532
0.01 2.0810703221723
0.11 0.355157835484705
0.08 2.55084874902518
0.06 -0.213827651109301
0.06 3.34054057397462
0.18 0.391259004677878
0.09 1.72457342538253
0.05 2.66130506985835
0.06 2.06777139948205
0.23 -1.46860641280429
0.12 0.424990551119365
0.11 2.01446969174187
0.02 2.96042863384125
0.08 2.76140037996588
0.05 1.10926806994992
0.06 1.47404957284535
0.15 0.195577448957251
0.1 1.1743338419515
0.06 3.15085518578123
0.07 0.420410808638777
0.28 -1.02122240137213
0.09 1.22870336034722
0.03 2.3803543442859
0.05 2.10702060438243
0.05 1.86073265547432
0.16 -0.60769027997948
0.07 1.97171237544813
0.08 0.953560646041612
0.13 0.392333501088861
0.08 1.02712496832312
0.1 1.34565250482649
0.06 2.69083987209552
0.06 2.24789424717165
0.03 2.9960484286423
0.11 1.03959390223013
0.07 1.5865460041975
0.03 3.05977513933882
0.13 1.04369800096612
0.1 0.670947077578927
0.05 0.546777317217856
0.07 2.19479788763446
0.16 0.201435125835968
0.07 0.849670692164446
0.2 -0.81602701565168
0.05 0.499440258443528
0.08 1.94721672260149
0.09 1.82359614929492
0.06 2.24280734238508
0.07 3.01449060748645
0.07 2.90916130597253
0.06 2.73626384970434
0.05 3.01189080372583
0.05 1.13456505834218
0.11 0.656131443510339
0.08 1.8606629325961
0.08 1.94029314528308
0.03 3.67382452785548
0.1 1.80851881565601
0.05 1.36384826582705
0.01 3.47993666481025
0.12 -0.36313585194776
0.11 2.67949510021138
0.1 0.721314693786187
0.03 2.14188968435767
0.07 1.90274307737394
0.04 2.12004254577562
0.08 2.16927453866496
0.06 1.76886464499719
0.05 1.57181919516556
0.04 4.00077611622095
0.07 2.62119626782919
0.08 2.09643991883499
0.1 0.563909087994563
0.03 2.51126334613666
0.07 1.14298719998844
0.1 2.16615706641123
0.08 1.22181798734565
0.06 1.97539336137518
0.08 0.786387151543215
0.02 3.76849673518829
0.17 1.8297585056004
0.08 1.77010628529433
0.09 1.23615320213004
0.11 0.581102940786127
0.06 0.419696387913964
0.03 2.76725710173668
0.07 2.09141414095536
0.21 -1.41700097673158
0.12 1.26142249239258
0.03 3.19732118613172
0.16 -0.47413849451167
0.14 0.938852939168082
0.07 0.974995178001853
0.06 2.06374466448765
0.07 2.4571755845776
0.08 3.32162752692548
0.03 2.11257360183438
0.07 2.62679702067719
0.06 1.84758368472766
0.17 0.398973411354773
0.08 2.42595597196801
0.05 1.81105558229385
0.02 3.69603365233955
0.07 3.07825456739188
0.07 2.29182061556054
0.06 2.9434229373101
0.05 3.30419107672201
0.05 2.4680752761706
0.05 2.71603179861647
0.06 1.17101866235815
0.07 1.48072864253602
0.06 1.86761898358382
0.14 1.04457670025332
0.11 0.0911383080255841
0.11 -0.0837027928615844
0.05 3.05766339572577
0.03 2.20558678670864
0.06 2.22506430253902
0.18 1.78703175276012
0.06 4.00365958703406
0.06 2.27904604711886
0.04 2.81778708629049
0.09 2.40691971599708
0.12 0.356691738805627
0.13 0.240584044404649
0.2 -1.12166537076286
0.08 0.790923914167363
0.05 2.53541420502386
0.1 1.07477816781926
0.06 2.40470577583649
0.07 1.33438700689979
0.04 2.25023999222532
0.1 1.24316273916133
0.1 1.48119569030932
0.01 2.46626439155263
0.15 -0.300724324858286
0.03 4.05001957040534
0.03 2.14769960584035
0.07 0.520670397308702
0.11 1.57928240845926
0.1 2.73879297547881
0.16 0.358481611049344
0.03 3.70677766134145
0.13 1.63931094128616
0.06 1.50460443034201
0.09 0.480893972836008
0.07 1.4964363474027
0.03 2.08038837511679
0.09 1.37987688695515
0.08 1.97142488796395
0.07 3.17457242567236
0.1 1.16084580789293
0.12 0.648541200863157
0.07 1.91814896813763
0.09 1.46010690741644
0.12 2.01856328429073
0.08 2.84117194862515
0.07 1.97028257889058
0.03 2.42835615817316
0.05 3.24029435681558
0.06 3.16908628577486
0.07 2.50397205226871
0.04 1.71256007795378
0.05 3.12503670846418
0.01 3.27015198553001
0.07 1.62509893542356
0.07 2.25354084519986
0.03 2.09903303684016
0.09 2.88426450779912
0.1 0.589382771352178
0.04 0.627818224303967
0.13 0.86782729374025
0.08 1.24370428535246
0.05 3.44910673623238
0.07 2.20333177690746
0.06 3.56592694114233
0.01 4.22058083269907
0.04 3.42831785722665
0.06 2.43322338813793
0.07 1.59060043732161
0.05 3.15509968538159
0.07 0.2801159612496
0.05 2.06588697155417
0.05 0.484578779194737
0.09 1.26681312149799
0.15 -0.158391277165965
0.05 0.572635909067584
0.05 1.44761696113518
0.09 0.632148683617207
0.06 1.62319922576894
0.05 2.63213893927864
0.1 1.31686459698345
0.03 2.65675493572331
0.04 1.01246692706148
0.04 3.09712367947666
0.02 3.32931614568851
0.08 2.89195885720968
0.1 1.12948579441897
0.04 1.12494521136314
0.11 1.19114278625096
0.13 1.27630498401563
0.11 1.6036405257653
0.05 2.39090064594819
0.05 1.91555011948493
0.03 3.48253455835503
0.02 3.65406621029637
0.07 1.37923314421648
0.1 1.57703408441352
0.16 0.570333143870358
0.11 -0.188381665881391
0.02 3.4991018603505
0.16 0.1158249824564
0.04 2.59201676573859
0.06 1.6339136264253
0.06 2.82758840377449
0.08 2.20565459937103
0.02 1.12742085109404
0.14 1.40316623849773
0.07 2.01917550846801
0.04 2.37092074335144
0.18 -0.21458123125887
0.12 1.75184844227891
0.06 2.4208356384042
0.03 3.00516875417872
0.02 4.13812159035047
0.08 2.05650399133951
0.06 1.88485295090806
0.11 1.30652937417167
0.04 2.66517707736957
0.08 1.69607491523951
0.06 1.63781142185038
0.02 4.16451981817549
0.13 1.84578139608097
0.12 1.71087431247344
0.05 2.62198423186391
0.07 1.78161724595669
0.23 -0.625253759536422
0.1 0.0833551335783864
0.28 -2.54898246814779
0.07 1.8679016955284
0.08 0.424661993994585
0.15 0.782490311226051
0.09 2.51974470447401
0.16 -0.124243303670978
0.09 0.767777828812917
0.03 1.92890921397419
0.05 3.52317535549611
0.11 1.59610758959337
0.08 1.75719513641996
0.05 2.39029033198675
0.04 2.96795392914981
0.07 1.82043951761643
0.12 1.9109455441984
0.06 2.38719100678352
0.12 0.700370132189354
0.03 1.41405255857984
0.02 2.09231958326434
0.14 0.751808424375913
0.07 2.60289640006526
0.02 0.926213040943243
0.04 1.9548814636665
0.09 1.87710416034601
0.03 2.99134356702408
0.11 0.843771945645132
0.12 1.07895485475724
0.01 3.09848852869558
0.07 2.34317008271046
0.1 2.13386009206689
0.01 2.75407661242863
0.01 2.74446345120503
0.03 3.34897990756345
0.23 -0.649183033385985
0.05 1.95757009246376
0.12 0.85796389424139
0.05 1.26996020209727
0.09 0.256431195027781
0.07 1.53319463084543
0.08 0.240283185409574
0.1 1.76962491090221
0.05 3.804434580927
0.06 1.80182446423861
0.06 2.15674447785102
0 3.32240020923347
0.11 1.95011165470966
0.03 3.19378537660865
0.03 2.93801989180172
0.09 1.78829536053944
0.1 1.2906984603832
0.05 1.79588273786286
0.15 -0.0893102314650323
0.05 2.68714551465758
0.04 3.0073912903106
0.07 1.39760273485864
0.07 3.26098008416586
0.07 2.50182783498635
0.03 3.86591201246986
0.08 1.95684421044389
0.08 2.40661694678616
0.05 1.63293750613017
0.08 2.52930628986988
0.03 3.09192693727918
0.15 1.55530824453742
0.07 1.76170324580648
0.07 2.66776064429553
0.17 0.232180049808884
