"k.vec" "diffStat.vec"
0.06 3.13685807920083
0.09 0.28283897393201
0.06 1.35412908762424
0.09 2.29272319254577
0.06 1.35329241308556
0.01 4.71627611298486
0.1 1.34360952898374
0.12 1.76690476354356
0.07 1.82102308855609
0.08 1.07384502738057
0.06 2.62029942149149
0.1 1.97005430809749
0.08 2.24341479102276
0.06 2.99367020991933
0.07 1.1724666059662
0.06 2.14372731199743
0.11 0.823891374272152
0.04 1.1622994821485
0.06 3.03594806203679
0.1 0.875684011497355
0.08 1.70086955700229
0.07 1.71076925060214
0.08 2.31521693919026
0.14 0.432625683838827
0.05 2.34548144387897
0.09 1.08797775928573
0.13 -1.02576967018341
0.13 0.448675317341184
0.04 4.28431518425896
0.17 -0.243413074066276
0.11 1.00687094975308
0.03 1.32734786152295
0.09 1.16308935639906
0.05 2.63106348775973
0.09 1.34602499691563
0.06 3.31568484544181
0.05 2.31614243876558
0.08 1.80128196293955
0.11 1.09974564397881
0.02 1.80387317072888
0.18 -0.88796956468355
0.15 0.765566753976095
0.06 1.49107437153492
0.09 1.20464132649666
0.1 0.573753385335006
0.06 2.61506447497718
0.03 2.17952666708761
0.1 1.86970207395924
0.06 1.0878067949679
0.11 1.43135624878231
0.05 3.41156526429453
0.05 2.52363485903573
0.03 4.03573306612491
0.09 0.648865937556254
0.06 1.64996612525142
0.03 3.43075242731695
0.08 3.12015897231228
0.08 3.72241086779031
0.06 0.962180495027494
0.06 2.00394822288553
0.05 2.17170719853942
0.13 0.823720409954315
0.1 0.330996470410369
0.02 3.22913010032849
0.16 -0.444926518751756
0.04 0.504372435746918
0.03 2.41866372299214
0.04 2.91890531698128
0.03 3.18829541627947
0 1.59369498698524
0.06 0.198751272578314
0.13 -0.415871180690866
0.04 1.18850382306558
0.05 1.82420455304052
0.04 1.21207493144482
0.08 2.72195728815757
0.16 0.572204200287349
0.06 3.68965162121227
0.06 1.79273470215566
0.13 1.31735170202309
0 1.13488788481943
0.06 1.3068369189222
0.08 2.91152042253709
0.07 1.31720366029536
0.05 3.19498785748103
0.2 -1.31305467148708
0.1 2.05679243393161
0.07 0.705349109780867
0.1 0.265304147612695
0.11 1.16195564329698
0.19 -1.19342644928976
0.07 1.45675638883001
0.11 0.0828154976030931
0.11 0.92595898223629
0.07 0.979027643643781
0.06 2.565432291869
0.12 1.30496968293689
0.08 0.541178474585697
0.07 0.99908204465836
0.09 1.30723806424896
0.05 2.11567292703762
0.03 2.3021004421129
0.03 0.948696281400603
0.04 3.64278161021125
0.09 0.647197364018489
0.03 2.44201993208918
0.03 3.02952687148476
0.09 1.74869945146379
0.07 2.29796673503136
0.16 -0.810204677766035
0.04 3.82351954740189
0.08 1.1637407400011
0.1 1.16600339066565
0.06 0.716946030156112
0.05 1.62525843844635
0.11 0.669808588937246
0.22 -1.22776926480061
0.08 2.49811342028207
0.07 1.46190633073936
0.01 4.46511615857238
0.05 2.11539117020096
0.05 2.98481062884531
0.06 1.37529809958248
0.06 2.49545439983036
0.03 3.75914813885878
0.05 2.41108207631624
0.03 1.13150871299538
0.08 1.42175645906961
0.04 3.20260770847376
0.01 3.81155682069295
0.05 0.015966539113241
0.15 1.67579892918728
0.1 1.11680864698522
0.21 -1.14606073727781
0.11 -0.277849490153368
0.08 0.204313821109481
0.12 1.47807821805559
0.11 0.406717426377215
0.11 1.861907438217
0.15 0.370047967971121
0.15 -0.355703202107523
0.02 2.26326575405019
0.07 2.76786741569812
0.09 1.75172045781751
0.04 3.94383258197847
0.05 1.37500774677454
0.04 2.34238593910742
0.04 4.42252503105687
0.02 3.05571020002758
0.09 1.71237478701713
0.03 1.60044951020166
0.03 3.55477892148989
0.09 2.0125079000724
0.11 1.29599548891236
0.01 3.59834330397677
0.01 2.63760693212564
0.07 3.00760141405319
0.05 3.12863364489419
0.12 1.19531469764933
0.11 1.92949660534552
0.03 2.90154049987188
0.02 2.62767094442479
0.05 1.38669062686266
0.03 3.50583919162434
0.08 2.46048980906303
0.1 1.24732891991218
0.06 0.595980656869572
0.02 4.53177887101766
0.08 1.77073092587458
0.08 1.66127746835832
0.1 1.43267238749727
0.06 1.53705231173784
0.07 3.08693363306886
0.03 3.2909485053991
0.05 2.86339922015972
0.01 1.27340527636786
0.1 1.2466574790438
0.12 0.0326818828364469
0.13 0.719605050607824
0.06 1.7574625666378
0.05 2.03791568098347
0.05 2.47104757202036
0.06 2.61350191841863
0.09 0.243003332768221
0.06 2.20090962322013
0.04 2.83174025790653
0.08 0.487095488566239
0.17 0.262724401118416
0.09 3.24918927688268
0.07 2.32212618988986
0.1 1.25854284201115
0.02 2.71077870505167
0.1 0.85468309853319
0.04 2.78618829583631
0.07 2.74111675305029
0.03 2.01018316739299
0.06 2.87688725421829
0.1 0.624947169893821
0.09 2.05414774009872
0.03 2.27418168247785
0.05 2.68302613419485
0.09 1.84353307203523
0.12 0.830226605111305
0.16 0.708246907212797
0.05 1.93085094837732
0.08 3.40359870912652
0.08 1.11158516176596
0.01 3.26178619525108
0.04 2.05788412228517
0.21 -1.39298956360082
0.08 1.99248119718752
0.04 2.07263958455475
0.08 2.58970540457007
0.07 2.28849588488798
0.04 1.75320278531071
0.06 4.04609025641887
0.06 1.12903307326448
0.11 1.054852706374
0.03 2.80424556618834
0.05 3.42100937141612
0.07 2.25351887771768
0.13 1.3894241457322
0.02 2.20412738180555
0.11 1.36965436687804
0.08 1.26015697439743
0.14 1.01268182634368
0.05 2.63584571311955
0.06 3.49171983123007
0.08 3.27779189378907
0.07 2.50924711331569
0.08 2.63099376488151
0.09 0.923538738764797
0.09 1.55298446696593
0.04 1.1063387539566
0.09 0.816979258248791
0.12 1.10531296804959
0.09 0.974564424329539
0.11 1.44036673690783
0.05 1.74636994324478
0.21 -0.446350584661778
0.03 4.11229547217005
0.08 1.63017342380716
0.1 0.996235823054157
0.05 2.24638708687251
0.04 3.28793705012459
0.11 1.44599232256177
0.03 2.81264956078411
0.1 1.36268303416359
0.04 2.70004711245274
0.06 1.82198583734033
0.06 1.31627720561211
0.03 1.24330600534946
0.2 -0.800448250354314
0.13 1.07444674537072
0.14 0.213978558160799
0.03 3.7077318141544
0.06 1.45280988290096
0.06 2.48427390650862
0.18 -0.518931145784792
0.14 -0.615332098454388
0.03 4.5256814620508
0.1 0.442360143768369
0.14 0.970196715807385
0.1 1.37705836348065
0.08 2.03372371231876
0.05 3.48088031143607
0.06 1.12000348298054
0.06 2.06674752379088
0.08 1.78862200744838
0.02 3.77459987480267
0.13 0.667650045036072
0.08 2.73372230752689
0.05 3.14098128009524
0.04 2.58005308392173
0.07 1.83509087312263
0.04 4.01707598799857
0.08 2.49670272588294
0.15 1.00689769277487
0.24 -1.85671451645121
0.02 2.7110681027517
0.13 0.377358363997486
0.12 -0.207289937390922
0.02 1.12761282778614
0.02 2.42746695269883
0.08 1.76980160586757
0.07 2.11702440474565
0.07 0.790925824383205
0.08 0.772497017049953
0.09 1.78057522321502
0.14 0.835825447743465
0.04 2.45478494945165
0.08 0.102599603076065
0.02 3.83329603207995
0.04 2.92018134116357
0.01 3.82983281075886
0.01 3.44714303434706
0.08 1.96085470860364
0.11 1.04661872098815
0.29 -1.51134367183169
0.1 1.02979353985404
0.05 2.8165702787993
0.08 1.32124185658481
0.13 1.41819199630891
0.09 2.09560706472799
0.09 2.97785648807343
0.05 1.64893365358896
0.02 3.81101049896221
0 3.63722670254345
0.08 0.826823555589233
0.06 2.03136650597004
0.08 2.72050838944161
0.11 1.54515640244645
0.06 2.34398574487489
0.04 2.78953117355937
0.11 0.906966661229722
0.06 2.67461067830404
0.08 0.217996697183913
0.05 4.06356300072332
0.15 -0.231959419879162
0.08 2.52798633072323
0.04 1.11431008466421
0.11 0.517423030377733
0.1 0.471510037513426
0.05 3.77948620692586
0.07 2.83761512672782
0.06 2.17343785409204
0.05 2.39713368023981
0.07 2.30121123663857
0.07 2.95132741046325
0.05 2.39760741376856
0.08 2.91145547519847
0.06 2.6269164091673
0.05 2.27663153429489
0.05 1.76934506428139
0.05 2.50100739728232
0.09 0.867872183812531
0.05 2.25727054163087
0.06 0.622413268579744
0.04 2.42916895501382
0.04 2.22247596007345
0.08 2.99136648961418
0.05 2.69181885771441
0.06 3.0366300090923
0.08 1.32743764166751
0.14 -0.560311196456633
0.05 3.4326167979785
0.05 3.07064044704668
0.09 1.23662407033503
0.07 1.6844522069504
0.07 3.11751141315562
0.04 3.5214408795118
0.06 3.30681284796481
0.05 1.86788832401751
0.14 0.0813293496782142
0.07 2.28019695216351
0.08 1.63221544454199
0.09 2.65220766691203
0.13 0.351005981352668
0.04 1.25744542301007
0.1 0.627803897685154
0.07 3.07067292071599
0.04 1.4343715244885
0.05 1.61174557158183
0.02 0.434940865439024
0.07 1.45330749412774
0.11 1.35770883211168
0.12 0.126500223688002
0.01 4.10597265773387
0.01 3.44392718597748
0.13 0.203760813623295
0.03 3.44194915747335
0.11 1.84485685161356
0.16 -0.32736706031105
0.1 1.42152054741315
0.09 1.29823617209473
0.07 2.11212661132742
0.07 2.93377443709344
0.03 3.27372504426199
0.06 2.838337188316
0.06 2.36681950993921
0.03 3.94244098973776
0.06 2.05618403018602
0.08 1.73559919122109
0.02 3.69022564107271
0.18 -0.130579489618052
0.05 0.772818888419287
0.04 2.59489928144378
0.04 2.60320298970786
0.09 0.881099473408707
0.18 1.3088273638293
0.08 2.37316811228925
0.1 1.98810871312576
0.07 3.66564116318943
0.07 3.5671609405761
0.03 4.25781284967056
0.03 4.64462009632925
0.09 1.52581164661708
0.14 1.14424030158062
0.07 0.36249019899325
0.07 0.762602098989704
0.12 0.0977591161330787
0.23 -0.103215647685029
0.05 1.86086732569116
0.04 4.09483036872896
0.08 0.885631460493252
0.14 -0.785986961324369
0.04 1.63458315707783
0.19 -0.327958272114071
0.13 0.578600558033438
0.05 2.07590032299661
0.05 1.66155635987122
0.09 1.82690559824075
0.07 1.93542973574999
0.07 1.82472413174947
0.09 2.09336638154562
0.09 1.48236569751239
0.08 1.05103036447467
0.16 -0.350008848683276
0.09 1.84246621648762
0.1 2.40237531250956
0.16 1.14278949264882
0.03 2.51124615419408
0.07 2.03224425014933
0.07 1.58049635062669
0.02 3.47897964667353
0.09 2.456265366729
0.04 4.05848851233972
0.09 2.46184797252651
0.18 -1.01069329165242
0.07 1.4254030611115
0.05 3.19350552998783
0.04 2.64448179894008
0.07 2.034517407001
0.05 1.65147233044264
0.07 2.33642033503365
0.07 1.90236389952935
0.04 2.52599493070821
0.07 1.91885192756739
0.12 1.68428410795632
0.14 0.721724435084242
0.06 1.3029706420585
0.08 0.951462273939452
0.02 4.94915148136014
0.13 1.1077160195785
0.06 2.77196005313906
0.08 1.27928874116044
0.14 -0.510572996369228
0.08 3.14485137739062
0.09 0.625334943709696
0.06 2.14700810770563
0.06 2.80845663701148
0.05 3.91457380593044
0.05 4.18549494322579
0.06 3.17489525214962
0.07 1.80920744846696
0.08 1.22004912747619
0.04 3.4689892178212
0.07 2.28578719882438
0.06 2.68855238862503
0.01 3.7888682320326
0.09 1.39946041976474
0.07 1.71447793465889
0.08 1.60704453039529
0.08 0.777120694494901
0.12 -0.149544112494915
0.05 3.42813352139792
0.1 2.32927708289344
0.04 1.70273106234007
0.13 -0.22276077549323
0.11 1.99239905790633
0.15 0.7469392841953
0.04 2.4804754423073
0.03 3.80975357693834
0.1 2.35708887044135
0.09 1.4628920021137
0.05 2.68402040154048
0.08 1.59211237316035
0.11 1.40351389778092
0.04 3.03860612738058
0.04 1.59400921749121
0.14 -0.355945799519425
0.08 0.479692447071549
0.03 2.3486992024644
0.04 1.61280096583439
0.02 2.54537598063857
0.11 2.6551990649202
0.06 2.29547103803412
0.12 0.00486627485685013
0.07 2.3754307629538
0.09 1.74785991160134
0.03 3.78667912467796
0.04 0.606270034501141
0.16 -0.285579178556996
0.04 3.54616384804361
0.13 -0.0170754194093751
0.1 0.555142152388866
0.12 0.806068105360732
0.02 3.40716030656346
0.1 0.919564534706043
0.03 3.79181569507642
0.07 2.06203311109345
0.12 0.708770306353436
0.02 3.79629992676492
0.08 0.990282635383353
0.07 1.39598669225652
0.06 2.18657631865158
0.05 3.67277963979004
0.01 2.10293274248109
0.08 2.24106331532157
0.07 3.38064651068001
0.15 -0.53851372348646
0.05 3.38140868680087
0.05 2.69029355036478
0.12 0.145023586705421
0.16 1.06026434785367
0.06 2.85289876367764
0.16 0.548518478957609
0.06 1.67030992396602
0.05 2.03642284730315
0.08 2.21977969041282
0.06 2.67458106995849
0.07 2.19254287783327
0.02 0.756465530598092
0.04 2.67436235024461
0.09 1.0987246336114
0.08 2.12094703297668
0.09 0.172547886769151
0.11 1.66782377804799
0.04 2.53336167810191
0.11 1.40952916746659
0.21 -1.31076814312451
0.05 1.60422600692079
0.08 2.01657188427571
0.02 3.34298182982037
0.04 2.25259528835819
0.12 1.44327026498728
0.03 3.04335778928693
0.06 3.10268622800782
0.1 0.317566697934968
0.05 2.28640228832543
0.13 1.1366481487176
0.12 0.452107020100882
0.1 0.415611391336388
0.13 0.142537440787387
0.1 0.011786031743578
0.11 0.796869460974801
0.03 3.61880076053396
0.03 1.23835950142725
0.07 0.747188567362648
0.09 2.3302455623252
0.04 2.96891476771821
0.06 3.03477900994164
0.11 1.89959886209842
0.07 1.85650248249277
0.03 2.73418075932891
0.02 3.94269600355263
0.03 3.91763492681684
0.04 1.33873943369521
0.06 2.27334500793917
0.04 3.4132204663214
0.16 1.08932828188585
0.13 1.03986133244797
0.07 2.08406554061216
0.03 2.81932098961141
0.09 1.57352883834392
0.23 -0.0385443352547682
0.03 1.96474104273367
0.06 1.50348504385875
0.04 3.54706738013676
0.12 0.469394473468692
0.1 2.18035283543917
0.04 3.85201137178947
0.11 0.894364012213797
0.06 2.31336402982376
0.19 -0.700032979093286
0.05 2.38692071124191
0.02 0.304174174668481
0.04 4.1491139274118
0.04 3.65774242068381
0.03 3.28365530131531
0.09 0.176882166514075
0.1 0.902008696012468
0.05 3.2937441062835
0.04 3.72664581631146
0.14 0.0149245163715683
0.08 0.829120590138934
0.06 1.62225557914312
0.07 1.54439613654144
0.06 0.34249023913016
0.09 1.44266663678129
0.05 1.71520668200252
0.08 1.99088807717551
0.21 -0.222834318803137
0.12 0.776277334200769
0.12 -0.476000954957373
0.09 1.01218039468522
0.02 2.34895421627927
0.08 2.5506758744915
0.09 1.13631768137698
0.05 3.49725372652361
0.07 1.34464582107789
0.07 2.45839525739255
0.08 2.09361661982089
0.14 1.3590049135603
0.03 2.07705695868879
0.08 2.71996970857424
0.1 0.694270813006656
0.03 2.54008372764901
0.06 1.8141740096555
0.08 2.15600426921234
0.03 3.66530687541713
0.07 1.19592978715037
0.03 3.1327386987381
0.11 2.197362352402
0.05 2.84580135671763
0.08 1.62344277828876
0.05 0.829264811434985
0.11 -0.146847842834289
0.03 3.48623273622465
0.05 3.68811771789135
0.06 3.06880281940692
0.11 1.6467025214858
0.04 2.98655083547714
0.14 1.16353443669019
0.06 1.36824653780267
0.1 1.90928652173984
0.06 3.02786402859452
0.04 2.11119824642833
0.11 1.23575492212703
0.07 1.00792729911357
0.04 1.34587982051166
0.08 1.75474050906331
0.31 -2.05975613381008
0.13 -0.0417028771490965
0.11 1.44292642613577
0.08 2.28553218500951
0.07 3.57626789460162
0.11 0.730181915723576
0.06 0.924259845245056
0.32 -2.47102846986194
0.08 1.49326729932124
0.03 4.40542859927323
0.05 1.40030378005887
0.08 1.7627930239442
0.06 1.8024051698545
0.05 2.30458181249133
0.12 0.508255904553189
0.09 1.73058391952858
0.05 2.57459177683017
0.1 1.4817802163569
0.12 0.904213085093844
0.08 1.24729740135079
0.09 2.52028147512555
0.02 0.673737902923719
0.04 3.88823957033611
0.13 0.000878699287203556
0.13 0.930344837808941
0.05 2.47981450762606
0.14 -0.0933656196970608
0.05 0.801285880000919
0.08 0.774250595192676
0.03 3.28973456323167
0.07 2.96436367847525
0.09 2.08697957487874
0.04 1.5107448191653
0.05 3.22245389596159
0.05 1.83919306164278
0.11 1.84825894602771
0.08 1.89895607446768
0.07 1.40136012941935
0.01 3.83141542458375
0.08 2.50838847129483
0.03 3.57672348107988
0.02 1.61231481590267
0.06 2.80414814518042
0.11 1.59580768570621
0.09 2.96416501602771
0.06 3.60842828851327
0.06 3.15118183269017
0.1 2.50294340103793
0.06 1.4107698526558
0.04 2.48495394334828
0.1 1.26267559398477
0.06 2.30025135317809
0.14 0.655493431419195
0.11 1.42526266024713
0.09 2.27900879790995
0.08 2.04114585597187
0.05 1.26075773727966
0.09 1.61975701682211
0.02 3.42281261517073
0.09 -0.0558336988384188
0.07 1.95487382280313
0.05 2.38917763125893
0.2 -0.907176784972315
0.07 2.32829332173494
0.13 0.412336326275713
0.07 1.36264100941507
0.06 2.51717928459855
0.03 2.75286076004535
0.05 2.16436623905959
0.01 3.71913675783755
0.07 3.3451432390453
0.05 4.48748574118715
0.1 1.14917820953154
0.15 -1.34779290167717
0.08 3.22667833829561
0.04 2.09405214903281
0.14 1.45060835914335
0.13 0.2239307826963
0.06 1.82978524862218
0.05 2.31924462929258
0.09 2.27192571756875
0.14 1.1960501307484
0.14 -0.719708202263278
0.07 2.20823912140491
0.01 3.88132458898899
0.06 1.59331294381689
0.12 1.28955806152567
0.1 1.06412011853024
0.09 1.58759757801839
0.04 0.308998424776813
0.07 1.0293981251748
0.06 3.37632464733806
0.09 2.31934778094804
0.04 4.09196408985842
0.15 0.187118058102076
0.17 -0.281393895647729
0.13 0.759910604868683
0.04 1.22420098160823
0.11 0.973237779427446
0.13 0.624680694783898
0.04 3.74153212836619
0.05 2.36854061441262
0.1 1.00180696755661
0.09 0.592170731373208
0.06 0.0953331420140602
0.07 2.34359606084317
0.04 2.98283928609662
0.11 1.33455033035426
0.11 1.68958304670133
0.09 2.00597209656986
0.09 2.21079021466156
0.09 2.5875745587986
0.06 0.641473402248694
0.11 2.22928969998096
0.07 1.37139457350987
0.16 -0.0951984717972171
0.12 1.02275821490889
0.14 -0.876198814666706
0.1 0.634247055719366
0.07 2.84441549512444
0.05 3.03772074233793
0.04 2.39066950983134
0.06 2.56928806254556
0.08 2.5310780150631
0.18 0.47550525394644
0.14 -0.305210466762629
0.01 2.76930389801111
0.12 1.58621458174896
0.12 0.540619736451985
0.06 1.72239100378333
0.14 1.55777242297327
0.03 3.02555362253393
0.03 0.900484343770754
0.04 3.75060278829073
0.06 0.943699156758593
0.01 4.79310499413992
0.1 1.99257957330337
0.09 0.594942454559583
0.07 0.997640786805762
0.03 0.452360123699914
0.07 1.222863830519
0.11 2.20502709346701
0.03 2.08150203095253
0.11 2.31187024103552
0.06 1.79655226851539
0.05 2.73500024192502
0.07 1.51993200225619
0.16 -0.0602071380080982
0.1 1.96213264300177
0.06 2.23934030063231
0.05 2.49707330775624
0.09 1.85735348365027
0.09 1.53635985849521
0.06 1.84498292585912
0.08 1.64007789294662
0.12 0.686422691220839
0.09 2.43975537120879
0.05 3.2787861611347
0.11 -0.150581359696983
0.09 1.83206509122931
0.05 1.37047862501375
0.06 1.92118812154185
0.17 0.358074735075052
0.11 1.394109905192
0.11 -0.237783667980648
0.04 1.59312478755648
0.07 2.31023891670667
0.04 3.20455517352442
0.04 2.55911902851202
0.03 3.8846426339061
0.1 1.442090706705
0.14 0.565157414047145
0.12 0.894099447319715
0.17 -0.235094084075469
0.07 3.16726393986184
0.12 0.781664142874496
0.13 1.56260908948457
0.2 -0.755104501810848
0.02 0.368954369401721
0.02 1.95204956868111
0.19 -0.163269013317866
0.13 1.49697693848591
0.05 1.00705719579765
0.09 0.995686635999655
0.11 1.2357854855805
0.11 0.0775222895056125
0.24 1.02710968659639
0.04 2.55903402390706
0.06 3.99727851101471
0.07 2.14758117245816
0.04 3.72926185690673
0.07 1.61695473018227
0.03 4.02150004788806
0.12 1.9928097543123
0.12 0.925500530434271
0.11 1.45777835430535
0.05 4.04154298760759
0.07 3.15142538520999
0.09 0.451976170315723
0.1 0.541686591999601
0.06 2.16883041348175
0.05 2.39886338068451
0.03 2.23979588711057
0.16 -0.465564490705989
0.06 2.62297945431746
0.19 -0.917092715406822
0.09 2.31726278035677
0.03 2.28793905697011
0.05 3.57730036626409
0.07 1.18120488833427
0.06 1.97600558555246
0.08 1.85812425574242
0.11 2.45103424064638
0.05 2.88502095327245
0.05 2.5707770757942
0.06 2.20953902328522
0.03 2.75030298103326
0.18 -0.248712967919203
0.05 2.12466431300472
0.05 1.39843940939732
0.14 1.0249138934863
0.06 2.23085321164743
0.09 1.01251468245752
0.08 0.719604095499903
0.07 1.20521630146503
0.07 1.31576144733484
0.09 2.48120323454301
0.03 3.74749964265581
0.18 -0.76947601069623
0.03 2.99604078777894
0.02 3.24462577123674
0.04 2.18615129562679
0.04 3.21888656787713
0.06 1.60336832000785
0.02 2.53577810114172
0.08 1.62039789423702
0.06 2.0885106128759
0.11 0.243646120398969
0.11 -0.0540763002640116
0.04 3.29916911927406
0.05 1.79703268779959
0.11 0.719096933193919
0.06 1.93774014181058
0.09 0.955959877138846
0.01 5.11396776950982
0.05 1.36843564917101
0.02 2.19646741628014
0.07 1.78183214523889
0.06 1.59981627365012
0.06 2.8023582729367
0.07 1.25765459164474
0.07 1.77706711182165
0.18 -1.47785854323379
0.07 1.08505130861618
0.02 1.29953320865128
0.04 3.04748003507342
0.1 0.542444947688775
0.07 1.40450816512655
0.07 2.46318989915534
0.03 3.86875345853446
0.05 1.33452454244039
0.11 2.45416699462684
0.11 1.44422346269231
0.08 1.85514336392137
0.07 0.934213024888478
0.12 -0.179035934875645
0.08 1.53836080958944
0.14 0.470917870602485
0.06 2.23428873483881
0.13 1.36408417748351
0.06 1.77058861479437
0.06 1.1273549486475
0.13 1.67216951908796
0.02 2.80526753166368
0.04 2.0738411103192
0.07 2.33053687024107
0.11 1.53203130939781
0.06 2.63313416173219
0.09 2.31478714062586
0.08 1.42753008645129
0.08 1.87622832638257
0.05 1.02017751330669
0.05 2.24515213233083
0.01 2.13167289492809
0.08 3.39953376981528
0.06 2.08912570237694
0.04 2.77948152801594
0.07 1.34038030910327
0.16 -0.37000307789884
0.2 -1.38323504640494
0.13 1.10261574328104
0.08 2.25000408056886
0.04 4.16836699288077
0 3.55924405101998
0.09 1.47702282380303
0.02 4.51750669335605
0.15 0.741137003575994
0.07 0.917192046630593
0.13 1.18746562075559
0 2.17746554419437
0.04 2.31078810376117
0.03 0.939597923346363
0.17 -0.335625878502843
0.08 1.79090853581095
0.05 2.41565226771762
0.04 3.22062677450896
0.06 1.55611244540679
0.05 2.49882975122273
0.08 3.11824589114677
0.06 1.42858166027217
0.06 2.29574801933117
0.06 3.26599058031876
0.05 1.71135855218932
0.06 1.42015665330214
0.03 1.42927984416233
0.04 1.26785036870006
0.03 3.12966134101705
0.12 0.794088186709217
0.13 1.25225727678388
0.06 2.58160799961691
0.09 2.46886324020532
0.14 0.824356511829617
0.11 1.32009095154016
0.04 3.4521688122267
0.1 2.67610446709228
0.09 1.34164487199051
0.05 2.84980421401401
0.07 2.78051495478632
0.05 1.27629352272058
0.11 0.788802619475104
0.08 2.00934076220678
0.01 3.19579492367417
0.07 2.27593908105226
0.02 4.08452475426273
0.06 2.9849978299978
0.16 -1.01640006147964
0.09 0.790604908121792
0.08 1.24709873890325
0.08 1.90928079109232
0.12 0.501861457022942
0.04 1.75728205124076
0.06 1.39153302402149
0.14 0.0280429236647648
0.08 3.23552645807458
0.03 2.89302953318898
0.12 1.17209124855329
0.11 1.21932038013256
0.11 0.138121021761269
0.01 4.19475757984242
0.12 0.510242529028606
0.13 1.35842993859194
0.13 0.752947868125515
0.03 2.98969218542889
0.03 3.2923486936111
0.09 1.75019324025204
0.12 1.98101417148952
0.05 2.41167328811927
0.16 0.532514690635454
0.03 3.20085222011519
0.11 1.9310419699615
0.04 2.53248393392262
0.02 2.14793265217304
0.21 -0.37547011563792
0.05 2.26401837909184
0.01 3.00988698730784
0.06 2.13933859110102
0.06 2.80370115467345
0.04 2.77750158929597
