0010000000100000000010000100001000000001000000001010000000011000000100000100001010000000100000110000
0001000000000100000001000100000001000000100000000010000000000000000000010010100010100010010100000000
0100011001010000000000000001000000000000000000100001110000000100000000000000010000000000000001001111
0100011001010000000000000001000000000000000000100001110000000100000000000000010000000000000001001111
0100011001010000000000000001000000000000000000100001110000000100000000000000010000000000000001001111
0000000000000100000001000100000001100010100000000010000100000001000001001010100010100100010100000000
0010000000100000000010000100001000000001000000001010000000011000000100000100001110000000100000110000
0010000000100000000010000100001000000001000000001010000000011000100100000000001010000000100000010000
0000000000000100000001000100000001100010100000000010000100000000000001001010100010100000010100000000
0000000000000100000001000100000001100010100000000010000100000000000001001010100010100000010100000000
1000000000000010000100000110000100001100011000010110000000010000000000000000000010000001001010000000
0010000000100001001010000100001000000001000000001010000000011000000100000100001010000000100000110000
0010000000100000000010000100001000000001000000001010000000011000000100000100001110000000100000110000
0010000000100000000010000100001000000001000000001010000000011000000100000100001010000000100000110000
0010000000100000000010000100001000000001000000001010000000011000000100000100001010000000100000110000
0010000000100000000010000100001000000001000000001010000000011000000100000100001010000000100000110000
0010000000100000000010000100001000000001000000001010000000011000000100000100001010000000100000110000
0010000000100000000010000100001000000001000000001010000000011000000100000100001010000000100000110000
0100011001010000000000000001000000000000000000100001110000000100000000000000010000000000000001001111
0000000000000100000001000100000001100010100000000010000100000001000001001010100010100100010100000000
0000000000000100000001000100000001100010100010000010000100000000000001001010100010100000010100000000
0100011001010000000000000001000000000000000000100001110000000100000000000000010000000000000001001111
0010000000100000000010000100001000000001000000001010000000011000000100000100001010000000100000110000
0010000000100000000010100100001000000001000000001010000000011000000100000100001010000000100000110000
0010000000100000000010000100001000000001000000001010000000011000000100000100001010000000100000110000
0010000000100000000010000100001010000001000000001010000000011000000100000100001010000000100000110000
0010000000100000000010000100001000000001000000001010000000011000000100000100001010000000100000110000
0000000000000100000001000100000001100010100000000010000100000000000001001010100010100000010100000000
0010000000100000000010000100001000000001000000001010000000011000000100000100001010000000100000110000
0010000000100000000010000100001000000001000000001010000000011000000100000100001010000000100000110000
0010000000100000000010000100001000000001000000001010000000011000100100000000001010000000100000010000
0010000000100000000010000100001000000001000000001010000000011000000100000100001010000000100000110000
0010000000100000000010000100001000000001000000001010000000011000000100000100001010000000100000110000
0010000000100000000010000100001000000001000000001010000000011000000100000100001010000000100000110000
0010100000100000000010000100001000000001000000001010000000011000000100000100001011000000100000110000
0100011001010000000000000001000000000000000000100001110000000100000000000000010000000000000001001111
0010100000100000000010000100001000000001000000001010000000011000000100000100001011000000100000110000
0010100000100000000010000100001000000001000000001010000000011000000100000100001011000000100000110000
0000000000000100000001000100000001100010100000000010000100000001000001001010100010100100010100000000
0010000000100000000010000100001000000001000000001010000000011000000100000100001110000000100000110000
0000000000000100000001000100000001100010100000000010000100000000000001001010100010100000010100000000
0010000000100000000010000100001000000001000000001010000000011000000100000100001010000000100000110000
0100011001010000000000000001000000000000000000100001110000000100000000000000010000000000000001001111
0010000000100000000010000100001000000001000000001010000000011000000100000100001010000000100000110000
0010000000100000000010000100001000000001000000001010000000011000000100000100001010000000100000110000
0010000000100000000010000100001000000001000000001010000000011000000100000100001010000000100000110000
0100011001010000000000000001000000000000000000100001110000000100000000000000010000000000000001001111
0010000000100000000010000100001010000001000000001010000000011000000100000100001010000000100000110000
0100011001010000000000000001000000000000000000100001110000000100000000000000010000000000000001001111
0100011001010000000000000001100000000000000000100001110000000100000000000000010000000000000001001111
0000000000000100000001000100000001100010100000000010000100000000000001001010100010100000010100000000
0100011001010000000000000001000000000000000000100001110000000100000000000000010000000000000001001111
0010000000100000000010000100001000000001000000001010000000011000100100000000001010000000100000010000
0010000000100000000010000100001000000001000000001010000000011000000100000100001010000000100000110000
0010000000100000000010000100001000000001000000001010000000011000100100000000001010000000100000010000
0100011001010000000000000001000000000000000000100001110000000100000000000000010000000000000001001111
0010000000100000000010000100001000000001000000001010000000011000000100000100001010000000100000110000
0010000000100000000010010100001000000001000000001010000000011000000100000100001010000000100000110000
0000000000000100000001000100000001100010100000000010000100000000000001001010100010100000010100000000
0000000000000100000001000100000001100010100000000010000100000001000001001010100010100100010100000000
0010000000100000000010000100001000000001000000001010000000011000000100000100001010000000100000110000
0010000000100000000010000100001000000001000000001010000000011000000100000100001010000000100000110000
0010000000100000000010000100001000000001000000001010000000011000000100000100001010000000100000110000
0010000000100000000010000100001000000001000000001010000000011000000100000100001010000000100000110000
0100011001010000000000000001000000000000000000100001110000000100000000000000010000000000000001001111
0010000000100000000010000100001000000001000000001010000000011000000100000100001010000000100000110000
0010000000100000000010000100001000000001000000001010000000011000000100000100001010000000100000110000
0100011001010000000000000001000000000000000000100001110000000100000000000000010000000000000001001111
0010000000100000000010000100001000000001000000001010000000011000000100000100001110000000100000110000
0100011001010000000000000001000000000000000000100001110000000100000000000000010000000000000001001111
0010000000100000000010000100001000000001000000001010000000011000000100000100001110000000100000110000
0010100000100000000010000100001000000001000000001010000000011000000100000100001011000000100000110000
0000000000000100000001000100000001100010100000000010000100000000000001001010100010100000010100000000
0010000000100000000010000100001000000001000000001010000000011000000100000100001010000000100000110000
0000000000000100000001000100000001100010100000000010000100000000000001001010100010100000010100000000
0010000000100000000010000100001000000001000000001010000000011000000100000100001010000000100000110000
0010000000100000000010000100001000000001000000001010000000011000000100000100001010000000100000110000
0100011001010000000000000001000000000000000000100001110000000100000000000000010000000000000001001111
0010000000100000000010000100001000000001000000001010000000011000000100000100001010000000100000110000
0001000000000100000001000100000001000000100000000010000000000000000000010010100010100010010100000000
0000000000000100000001000100000001100010100000000010000100000000000001001010100010100000010100000000
0100011001010000000000000001000000000000000000100001110000000100000000000000010000000000000001001111
0100011001010000000000000001000000000000000000100001110000000100000000000000010000000000000001001111
0000000000000100000001000100000001100010100000000010000100000000000001001010100010100000010100000000
0010000000100000000010000100001000000001000000001010000000011000000100000100001110000000100000110000
0010000000100000000010000100001000000001000000001010000000011000000100000100001010000000100000110000
0010000000100000000010000100001000000001000000001010000000011000000100000100001010000000100000110000
0010000000100000000010000100001000000001000000001010000000011000000100000100001010000000100000110000
0000000000000010000100000110000100001100011000010110000000010000000000000000000010000001001010000000
0010000000100000000010000100001000000001000000001010000000011000000100000100001110000000100000110000
0010000000100000000010000100001000000001000000001010000000011000000100000100001010000000100000110000
0010000000100000000010000100001000000001000000001010000000011000000100000100001010000000100000110000
0010000000100000000010000100001000000001000000001010000000011000000100000100001010000000100000110000
0100011001010000000000000001100000000000000000100001110000000100000000000000010000000000000001001111
0000000000000010000100000110000100001100011000010110000000010000000000000000000010000001001010000000
0100011001010000000000000001000000000000000000100001110000000100000000000000010000000000000001001111
0000000000000100000001000100000001100010100000000010000100000000000001001010100010100000010100000000
0010000000100000000010000100001000000001000000001010000000011000000100000100001010000000100000110000
0010000000100000000010000100001010000001000000001010000000011000000100000100001010000000100000110000
0010000000100000000010000100001010000001000000001010000000011000000100000100001010000000100000110000
0000000000000100000001000100000001100010100000000010000100000000000001001010100010100000010100000000
0010000000100000000010000100001000000001000000001010000000011000000100000100001110000000100000110000
0010100000100000000010000100001000000001000000001010000000011000000100000100001011000000100000110000
0010000000100000000010000100001000000001000000001010000000011000000100000100001010000000100000110000
0010000000100000000010000100001000000001000000001010000000011000000100000100001110000000100000110000
0010000000100000000010000100011000000001000000001010000000011000000100000100001010000000100000110000
0100011001010000000000000001000000000000000000100001110000000100000000000000010000000000000001001111
0100011001010000000000000001000000000000000000100001110000000100000000000000010000000000000001001111
0100011001010000000000000001000000000000000000100001110000000100000000000000010000000000000001001111
0010000000100000000010000100001000000001000000001010000000011000000100000100001010000000100000110000
0010000000100000000010000100001000000001000000001010000000011000000100000100001010000000100000110000
0010100000100000000010000100001000000001000000001010000000011000000100000100001011000000100000110000
0010000000100000000010000100001000000001000000001010000000011000000100000100001010000000100000110000
0010000000100000000010000100001000000001000100001010000000011000000100000100001010000000100000110000
0010000000100000000010000100001000000001000000001010000000011000100100000000001010000000100000010000
0100011001010000000000000001000000000000000000100001110000000100000000000000010000000000000001001111
0000000000000100000001000100000001100010100000000010000100000001000001001010100010100100010100000000
0010000000100000000010000100001000000001000000001010000000011000000100000100001010000000100000110000
0000000000000010000100000110000100001100011000010110000000010000000000000000000010000001001010000000
0000000000000100000001000100000001100010100000000010000100000000000001001010100010100000010100000000
0010000000100000000010000100001000000001000000001010000000011000000100000100001010000000100000110000
0010000000100000000010000100001000000001000000001010000000011000000100000100001010000000100000110000
0100011011010000000000000001100000000000000000100001110000000100000000000000010000000000000001001111
0010000000100000000010000100001000000001000000001010000000011000000100000100001010000000100000110000
0010000000100000000010100100001000000001000000001010000000011000000100000100001010000000100000110000
0010000000100000000010000100001000000001000000001010000000011000000100000100001010000000100000110000
0000000000000100000001000100000001100010100000000010000100000001000001001010100010100100010100000000
0010000000100000000010000100001000000001000000001010000000011000000100000100001010000000100000110000
0100011001010000000000000001000000000000000000100001110000000100000000000000010000000000000001001111
0010000000100000000010000100001000000001000000001010000000011000000100000100001010000000100000110000
0010000000100000000010000100001000000001000000001010000000011000000100000100001010000000100000110000
0000000000000100000001000100000001100010100000000010000100000000000001001010100010100000010100000000
0100011001010000000000000001000000000000000000100001110000000100000000000000010000000000000001001111
0010000000100001001010000100001000000001000000001010000000011000000100000100001010000000100000110000
0100011001010000000000000001100000000000000000100001110000000100000000000000010000000000000001001111
0010000000100000000010000100011000000001000000001010000000011000000100000100001010000000100000110000
0010100000100000000010000100001000000001000000001010000000011000000100000100001011000000100000110000
0000000000000100000001000100000001100010100010000010000100000000000001001010100010100000010100000000
0100011001010000000000000001000000000000000000100001110000000100000000000000010000000000000001001111
0010000000100000000010000100001000000001000000001010000000011000100100000000001010000000100000010000
0010000000100000000010000100001000000001000000001010000000011000000100000100001010000000100000110000
0100011001010000000000000001000000000000000000100001110000000100000000000000010000000000000001001111
0010000000100000000010000100001000000001000000001010000000011000000100000100001010000000100000110000
0010000000100000000010000100001000000001000000001010000000011000000100000100001010010000100000110000
0010000000100000000010000100001000000001000000001010000000011000000100000100001010000000100000110000
0000000000000100000001000100000001100010100000000010000100000000000001001010100010100000010100000000
0010000000100000000010000100001000000001000000001010000000011000000100000100001010000000100000110000
0001000000000100000001000100000001000000100000000010000000000000000000010010100010100010010100000000
0000000000000100000001000100000001100010100010000010000100000000000001001010100010100000010100000000
0010000000100000000010000100001000000001000000001010000000011000000100000100001010000000100000110000
0010000000100000000010000100001000000001000000001010000000011000000100000100001010000000100000110000
0010000000100000000010000100001000000001000000001010000000011000000100000100001010000000100000110000
0100011001010000000000000001000000000000000000100001110000000100000000000000010000000000000001001111
0010100000100000000010000100001000000001000000001010000000011000000100000100001011000000100000110000
0010000000100000000010000100001000000001000000001010000000011000000100000100001010000000100000110000
0000000000000100000001000100000001100010100000000010000100000000000001001010100010100000010100000000
0010000000100000000010000100001000000001000000001010000000011000000100000100001010000000100000110000
0000000000000100000001000100000001100010100000000010000100000000000001001010100010100000010100000000
0010000000100000000010000100001000000001000000001010000000011000000100000100001010000000100000110000
0010000000100000000010000100001000000001000000001010000000011000100100000000001010000000100000010000
0010000000100000000010000100001000000001000000001010000000011000000100000100001010000000100000110000
0000000000000100000001000100000001100010100000000010000100000001000001001010100010100100010100000000
0100011001010000000000000001000000000000000000100001110000000100000000000000010000000000000001001111
0100011001010000000000000001000000000000000000100001110000000100000000000000010000000000000001001111
0100011001010000000000000001000000000000000000100001110000000100000000000000010000000000000001001111
0010000000100000000010000100001000000001000000001010000000011000000100000100001110000000100000110000
0010000000100000000010000100001000000001000000001010000000011000000100000100001010000000100000110000
0010000000100000000010000100001000000001000000001010000000011000000100000100001010000000100000110000
0010000000100000000010000100001000000001000000001010000000011000000100000100001110000000100000110000
0100011001010000000000000001000000000000000000100001110000000100000000000000010000000000000001001111
0100011001010000000000000001000000000000000000100001110000000100000000000000010000000000000001001111
0010000000100000000010000100001000000001000000001010000000011000000100000100001010000000100000110000
0010000000100000000010000100001010000001000000001010000000011000000100000100001010000000100000110000
0000000000000100000001000100000001100010100000000010000100000000000001001010100010100000010100000000
0100011001010000000000000001000000000000000000100001110000000100000000000000010000000000000001001111
0010000000100000000010000100001010000001000000001010000000011000000100000100001010000000100000110000
0010000000100000000010000100001000000001000000001010000000011000000100000100001010000000100000110000
0010000000100000000010000100001000000001000000001010000000011000000100000100001010000000100000110000
0010000000100000000010000100001000000001000000001010000000011000000100000100001010000000100000110000
0010100000100000000010000100001000000001000000001010000000011000000100000100001011000000100000110000
0000000000000100000001000100000001100010100000000010000100000000000001001010100010100000010100000000
0010000000100000000010000100001000000001000000001010000000011000000100000100001010000000100000110000
0100011001010000000000000001000000000000000000100001110000000100000000000000010000000000000001001111
0100011001010000000000000001000000000000000000100001110000000100000000000000010000000000000001001111
0010000000100000000010000100001000000001000000001010000000011000000100000100001010000000100000110000
0010000000100000000010000100001010000001000000001010000000011000000100000100001010000000100000110000
0010000000100000000010000100001000000001000000001010000000011000000100000100001010000000100000110000
0010000000100000000010000100001000000001000000001010000000011000100100000000001010000000100000010000
0010000000100000000010000100001000000001000000001010000000011000000100000100001010000000100000110000
0010000000100000100010000100001000000001000000001010000000011000000100000100001010000000100000110000
0100011001010000000000000001100000000000000000100001110000000100000000000000010000000000000001001111
0010000000100000000010000100001010000001000000001010000000011000000100000100001010000000100000110000
0010000000100000000010000100001000000001000000001010000000011000000100000100001110000000100000110000
0010100000100000000010000100001000000001000000001010000000011000000100000100001011000000100000110000
0100011001010000000000000001000000000000000000100001110000000100000000000000010000000000000001001111
0000000100001000000000000110000000001100010000000010000000010000000000100000000010001000000000000000
0010000000100000000010000100001010000001000000001010000000011000000100000100001010000000100000110000
0010000000100000000010000100001000000001000000001010000000011000000100000100001010000000100000110000
0100011001010000000000000001000000000000000000100001110000000100000000000000010000000000000001001111
0010000000100000000010000100001000000001000000001010000010011000000100000100001010000000100000110000
0000000000000100000001000100000001100010100000000010000100000000000001001010100010100000010100000000
0100011001010000000000000001100000000000000000100001110000000100000000000000010000000000000001001111
0000000000000100000001000100000001100010100000000010000100000000000001001010100010100000010100000000
0010000000100000000010000100001000000001000000001010000000011000000100000100001010000000100000110000
0010000000100000000010000100001010000001000000001010000000011000000100000100001010000000100000110000
0000000000000100000001000100000001100010100000000010000100000000000001001010100010100000010100000000
0100011001010000000000000001000000000000000000100001110000000100000000000000010000000000000001001111
0010000000100000000010000100001000000001000000001010000000011000000100000100001010000000100000110000
0000000000000100000001000100000001100010100000000010000100000000000001001010100010100000010100000000
0010000000100000000010000100001000000001000000001010000000011000000100000100001010000000100000110000
0010000000100000000010000100001000000001000000001010000000011000000100000100001010000000100000110000
0000000000000100000001000100000001100010100000000010000100000001000001001010100010100100010100000000
0010000000100000000010000100001000000001000000001010000010011000000100000100001010000000100000110000
0100011001010000000000000001000000000000000000100001110000000100000000000000010000000000000001001111
0000000000000100000001000100000001100010100000000010000100000000000001001010100010100000010100000000
0000000000000100000001000100000001100010100000000010000100000000000001001010100010100000010100000000
0010000000100000010010000100001000000001000000001010000001011000100100000000001010000000100000010000
0010000000100000000010000100001000000001000000001010000000011000000100000100001010000000100000110000
0000000000000000000010000100000000010001000000000010000000111000010110000000000010000000100000000000
0010000000100000000010000100001000000001000000001010000000011000000100000100001010000000100000110000
0100011001010000000000000001000000000000000000100001110000000100000000000000010000000000000001001111
0000000000000100000001000100000001100010100000000010000100000000000001001010100010100000010100000000
0010000000100000000010000100001000000001000000001010000000011000000100000100001010000000100000110000
0000000000000100000001000100000001100010100000000010000100000000000001001010100010100000010100000000
0010000000100000000010000100001000000001000000001010000000011000000100000100001010000000100000110000
0010100000100000000010000100001000000001000000001010000000011000000100000100001011000000100000110000
0010000000100000000010000100001000000001000000001010000000011000000100000100001010000000100000110000
0010000000100000000010000100001000000001000000001010000000011000000100000100001010000000100000110000
0100011001010000000000000001000000000000000000100001110000000100000000000000010000000000000001001111
0010000000100000000010000100001000000001000000001010000000011000100100000000001010000000100000010000
0010000000100000000010000100001000000001000000001010000000011000000100000100001010000000100000110000
0010000000100001001010000100001000000001000000001010000000011000000100000100001010000000100000110000
0100011001010000000000000001000000000000000000100001110000000100000000000000010000000000000001001111
0010000000100000000010000100001000000001000000001010000000011000000100000100001010000000100000110000
0100011001010000000000000001100000000000000000100001110000000100000000000000010000000000000001001111
0000000000000010000100000110000100001100011000010110000000010000000000000000000010000001001010000000
0010000000100000000010000100001000000001000000001010000000011000000100000100001110000000100000110000
0010000000100000000010000100001000000001000000001010000000011000000100000100001010000000100000110000
0010000000100000000010000100001010000001000000001010000000011000000100000100001010000000100000110000
0010000000100000000010000100001000000001000000001010000000011000000100000100001010000000100000110000
0010000000100000000010000100001000000001000000001010000000011000000100000100001010000000100000110000
0010000000100000000010000100001000000001000000001010000000011000000100000100001010000000100000110000
0010000000100000000010000100001000000001000000001010000000011000000100000100001010000000100000110000
0010000000100000000010000100001000000001000000001010000010011000000100000100001010000000100000110000
0010000000100000000010000100001000000001000000001010000000011000000100000100001010000000100000110000
0010000000100000000010000100001000000001000000001010000000011000000100000100001010000000100000110000
0000000000000100000001000100000001100010100000000010000100000000000001001010100010100000010100000000
0010000000100001001010000100001000000001000000001010000000011000000100000100001010000000100000110000
0010000000100000000010000100001000000001000000001010000000011000000100000100001010000000100000110000
0010000000100000000010000100001000000001000000001010000000011000000100000100001010000000100000110000
0010000000100000000010000100001000000001000000001010000000011000000100000100001010000000100000110000
0100011001010000000000000001000000000000000000100001110000000100000000000000010000000000000001001111
0010000000100001001010000100001000000001000000001010000000011000000100000100001010000000100000110000
0010000000100000000010000100001000000001000000001010000000011000000100000100001010000000100000110000
0010100000100000000010000100001000000001000000001010000000011000000100000100001011000000100000110000
0000000000000000000010000100000000010001000000000010000000011000010110000000000010000000100000000000
0000000000000100000001000100000001100010100000000010000100000000000001001010100010100000010100000000
0010000000100000001010000100001000000001000000001010000000011000000100000100001010000000100000110000
0010000000100000000010000100011000000001000000001010000000011000000100000100001010000000100000110000
0010000000100000000010000100001000000001000000001010000000011000000100000100001010000000100000110000
0000000000000100000001000100000001100010100000000010000100000000000001001010100010100000010100000000
0010000000100000000010000100001000000001000000001010000000011000000100000100001010000000100000110000
0000000000000100000001000100000001100010100000000010000100000000000001001010100010100000010100000000
0010000000100000000010000100001000000001000000001010000000011000000100000100001010000000100000110000
0010000000100000000010000100001000000001000000001010000000011000000100000100001010000000100000110000
0010000000100000000010000100001010000001000000001010000000011000000100000100001010000000100000110000
0010000000100000000010000100001000000001000000001010000000011000000100000100001010000000100000110000
0010000000100000000010000100011000000001000000001010000000011000000100000100001010000000100000110000
0100011001010000000000000001100000000000000000100001110000000100000000000000010000000000000001001111
0100011001010000000000000001000000000000000000100001110000000100000000000000010000000000000001001111
0010000000100000000010000100001010000001000000001010000000011000000100000100001010000000100000110000
0010000000100000000010000100001000000001000000001010000000011000000100000100001010000000100000110000
0000000000000100000001000100000001100010100000000010000100000000000001001010100010100000010100000000
0100011001010000000000000001000000000000000000100001110000000100000000000000010000000000000001001111
0010000000100000000010010100001000000001000000001010000000011000000100000100001010000000100000110000
0010000000100000000010000100001000000001000000001010000000011000000100000100001110000000100000110000
0100011001010000000000000001000000000000000000100001110000000100000000000000010000000000000001001111
0100011001010000000000000001000000000000000000100001110000000100000000000000010000000000000001001111
0100011001010000000000000001000000000000000000100001110000000100000000000000010000000000000001001111
0001000000000100000001000100000001000000100000000010000000000000000000010010100010100010010100000000
0100011001010000000000000001000000000000000000100001110000000100000000000000010000000000000001001111
0010000000100000000010000100001000000001000000001010000000011000000100000100001010000000100000110000
0010000000100000000010000100001000000001000000001010000000011000100100000000001010000000100000010000
0010000000100000000010000100001000000001000000001010000000011000000100000100001010000000100000110000
0010100000100000000010000100001000000001000000001010000000011000000100000100001011000000100000110000
0000000000000100000001000100000001100010100000000010000100000001000001001010100010100100010100000000
0100011001010000000000000001000000000000000000100001110000000100000000000000010000000000000001001111
0010000000100000000010000100001000000001000000001010000000011000000100000100001010000000100000110000
0010000000100000000010000100001010000001000000001010000000011000000100000100001010000000100000110000
0000000000000010000100000110000100001100011000010110000000010000000000000000000010000001001010000000
0000000000000010000100000110000100001100011000010110000000010000000000000000000010000001001010000000
0010000000100000000010000100001000000001000000001010000000011000000100000100001010000000100000110000
0010000000100000000010000100001000000001000000001010000000011010000100000100001010000000100000110000
0010000000100000000010000100001000000001000000001010000000011000000100000100001010000000100000110000
0010000000100000000010000100001010000001000000001010000000011000000100000100001010000000100000110000
0010000000100000000010000100001000000001000000001010000000011000100100000000001010000000100000010000
0100011001010000000000000001000000000000000000100001110000000100000000000000010000000000000001001111
0010000000100000000010000100001000000001000000001010000000011000000100000100001010000000100000110000
0010000000100000000010000100001000000001000000001010000000011000000100000100001010000000100000110000
0010000000100000000010000100001000000001000000001010000000011000000100000100001010000000100000110000
0000000000000010000100000110000100001100011000010110000000010000000000000000000010000001001010000000
0010000000100000000010000100001000000001000000001010001000011000000100000100001010000000100000110000
0010000000100000000010000100001000000001000000001010000000011000000100000100001010000000100000110000
0000000000000100000001000100000001100010100000000010000100000000000001001010100010100000010100000000
0010000000100000000010000100001000000001000000001010000000011000000100000100001010000000100000110000
0010100000100000000010000100001000000001000000001010000000011000000100000100001011000000100000110000
0010000000100000000010000100001000000001000000001010000000011000000100000100001010000000100000110000
0100011001010000000000000001000000000000000000100001110000000100000000000000010000000000000001001111
0001000000000100000001000100000001000000100000000010000000000000000000010010100010100010010100000000
0000000000000100000001000100000001100010100000000010000100000000000001001010100010100000010100000000
0000000000000010000100000110000100001100011000010110000000010000001000000000000010000001001010000000
0100011001010000000000000001000000000000000000100001110000000100000000000000010000000000000001001111
0010000000100000000010000100001000000001000000001010000000011000000100000100001010000000100000110000
0100011001010000000000000001000000000000000000100001110000000100000000000000010000000000000001001111
0010000000100000000010000100001000000001000000001010000000011000000100000100001010000000100000110000
0010000000100000000010000100001010000001000000001010000000011000000100000100001010000000100000110000
0000000000000100000001000100000001100010100000000010000100000001000001001010100010100100010100000000
0010000000100000000010000100001000000001000000001010000000011000000100000100001010000000100000110000
0010000000100000000010000100001000000001000000001010000000011000000100000100001010000000100000110000
0100011001010000000000000001000000000000000000100001110000000100000000000000010000000000000001001111
0100011001010000000000000001000000000000000000100001110000000100000000000000010000000000000001001111
0001000000000100000001000100000001000000100000000010000000000000000000010010100010100010010100000000
0010000000100000000010000100001000000001000000001010000000011000000100000100001110000000100000110000
0010000000100000000010000100001000000001000000001010000000011000000100000100001010000000100000110000
0010000000100000000010000100001000000001000000001010000000011000000100000100001010000000100000110000
0010000000100000000010000100001000000001000000001010000000011000000100000100001010000000100000110000
0010000000100000000010000100001010000001000000001010000000011000000100000100001010000000100000110000
0010000000100000000010000100001000000001000000001010000000011000000100000100001010000000100000110000
0010000000100000000010000100001000000001000000001010000000011000100100000000001010000000100000010000
0100011001010000000000000001000000000000000000100001110000000100000000000000010000000000000001001111
0000000000000100000001000100000001100010100000000010000100000000000001001010100010100000010100000000
0100011001010000000000000001000000000000000000100001110000000100000000000000010000000000000001001111
0000000000000010000100000110000100001100011000010110000000010000000000000000000010000001001010000000
0010000000100000000010000100001000000001000000001010000000011000000100000100001010000000100000110000
0001000000000100000001000100000001000000100000000010000000000000000000010010100010100010010100000000
0010000000100000000010000100001010000001000000001010000000011000000100000100001010000000100000110000
0010100000100000000010000100001000000001000000001010000000011000000100000100001011000000100000110000
0100011001010000000000000001000000000000000000100001110000000100000000000000010000000000000001001111
0010000000100000000010000100001000000001000000001010000000011000000100000100001010000000100000110000
0010000000100000000010000100001000000001000000001010000000011000000100000100001010000000100000110000
0010000000100000000010000100001000000001000000001010000000011000000100000100001010000000100000110000
0000000000000100000001000100000001100010100000000010000100000000000001001010100010100000010100000000
0010000000100000000010000100011000000001000000001010000000011000000100000100001010000000100000110000
0001000000000100000001000100000001000000100000000010000000000000000000010010100010100010010100000000
0010000000100000000010000100001000000001000000001010000000011000000100000100001110000000100000110000
0010000000100000000010000100001010000001000000001010000000011000000100000100001010000000100000110000
0010100000100000000010000100001000000001000000001010000000011000000100000100001011000000100000110000
0100011001010000000000000001000000000000000000100001110000000100000000000000010000000000000001001111
0100011001010000000000000001100000000000000000100001110000000100000000000000010000000000000001001111
0010000000100000000010000100001000000001000000001010000000011000100100000000001010000000100000010000
0010000000100000000010000100001000000001000000001010000000011000000100000100001110000000100000110000
0000000000000100000001000100000001100010100000000010000100000000000001001010100010100000010100000000
0010000000100000000010000100001000000001000000001010000000011000000100000100001010000000100000110000
0000000000000100000001000100000001100010100000000010000100000000000001001010100010100000010100000000
0000000000000100000001000100000001100010100000000010000100000000000001001010100010100000010100000000
0100011001010000000000000001000000000000000000100001110000000100000000000000010000000000000001001111
0010000000100000000010000100001000000001000000001010000010011000000100000100001010000000100000110000
0010000000100000000010000100001000000001000000001010000000011000000100000100001010000000100000110000
0010000000100000000010000100001000000001000000001010000000011000000100000100001010000000100000110000
0010000000100000000010000100001000000001000000001010000000011000000100000100001110000000100000110000
0000000000000000000010000100000000010001000000000010000000011000010110000000000010000000100000000000
0000000000000100000001000100000001100010100000000010000100000000000001001010100010100000010100000000
0000000000000100000001000100000001100010100000000010000100000000000001001010100010100000010100000000
0010000000100000000010000100001000000001000000001010000000011000100100000000001010000000100000010000
0100011001010000000000000001000000000000000000100001110000000100000000000000010000000000000001001111
0000000000000100000001000100000001100010100000000010000100000000000001001010100010100000010100000000
0000000000000100000001000100000001100010100000000010000100000000000001001010100010100000010100000000
0010000000100000000010000100001000000001000000001010000000011000000100000100001010000000100000110000
0100011001010000000000000001000000000000000000100001110000000100000000000000010000000000000001001111
0100011001010000000000000001000000000000000000100001110000000100000000000000010000000000000001001111
0000000000000000000010001100000000010001000000000010000000111000010110000000000010000000100000000000
0010000000100000000010000100001000000001000000001010000000011000100100000000001010000000100000010000
0010000000100000000010000100001000000001000000001010000000011000000100000100001010000000100000110000
0010000000100000000010000100001000000001000000001010000000011000100100000000001010000000100000010000
0000000000000100000001000100000001100010100000000010000100000000000001001010100010100000010100000000
0100011001010000000000000001000000000000000000100001110000000100000000000000010000000000000001001111
0100011001010000000000000001000000000000000000100001110000000100000000000000010000000000000001001111
0010000000100000000010000100001000000001000000001010000000011000000100000100001010000000100000110000
0010000000100000000010000100001000000001000000001010000000011000000100000100001010000000100000110000
0010000000100000000010000100001000000001000000001010000000011000000100000100001010000000100000110000
0100011001010000000000000001000000000000000000100001110000000100000000000000010000000000000001001111
0000000000000010000100000110000100001100011000010110000000010000000000000000000010000001001010000000
0000000000000100000001000100000001100010100000000010000100000000000001001010100010100000010100000000
0010000000100000000010000100001000000001000000001010000000011000000100000100001010000000100000110000
0010000000100000000010000100001000000001000000001010000000011000100100000000001010000000100000010000
0100011001010000000000000001000000000000000000100001110000000100000000000000010000000000000001001111
0010000000100001001010000100001000000001000000001010000000011000000100000100001010000000100000110000
0010000000100000000010000100001000000001000000001010000000011000000100000100001110000000100000110000
0010000000100000000010000100001000000001000000001010000000011000000100000100001010000000100000110000
0010000000100000000010000100001000000001000000001010000000011000000100000100001010000000100000110000
0010000000100000000010000100001000000001000000001010000000011000000100000100001010000000100000110000
0010000000100001001010000100001000000001000000001010000000011000000100000100001010000000100000110000
0100011001010000000000000001000000000000000000100001110000000100000000000000010000000000000001001111
0010000000100000000010000100001000000001000000001010000000011000000100000100001010000000100000110000
0010000000100000000010000100001000000001000000001010000000011000000100000100001010000000100000110000
0100011001010000000000000001000000000000000000100001110000000100000000000000010000000000000001001111
0010000000100000000010000100001000000001000000001010000000011000100100000000001010000000100000010000
0010000000100000000010000100001000000001000000001010000000011000000100000100001010000000100000110000
0010100000100000000010000100001000000001000000001010000000011000000100000100001011000000100000110000
0000000000000100000001000100000001100010100000000010000100000000000001001010100010100000010100000000
0010000000100000000010000100001000000001000000001010000000011000000100000100001010000000100000110000
0000000000000100000001000100000001100010100000000010000100000000000001001010100010100000010100000000
0100011001010000000000000001000000000000000000100001110000000100000000000000010000000000000001001111
0100011001010000000000000001000000000000000000100001110000000100000000000000010000000000000001001111
0000000000000010000100000110000100001100011000010110000000010000000000000000000010000001001010000000
0000000000000000000010000100000000010001000000000010000000111000010110000000000010000000100000000000
0010000000100000000010000100001000000001000000001010000000011000000100000100001010000000100000110000
0010000000100000001010000100001000000001000000001010000000011000000100000100001010000000100000110000
0010100000100000000010000100001000000001000000001010000000011000000100000100001011000000100000110000
0010000000100000000010000100001000000001000000001010000000011000000100000100001010000000100000110000
0010000000100000000010000100001000000001000000001010000000011000000100000100001010000000100000110000
0010000000100000000010000100001000000001000000001010000000011000000100000100001010000000100000110000
0100011001010000000000000001000000000000000000100001110000000100000000000000010000000000000001001111
0000000000000010000100000110000100001100011000010110000000010000000000000000000010000001001010000000
0100011001010000000000000001000000000000000000100001110000000100000000000000010000000000000001001111
0000000000000010000100000110000100001100011000010110000000010000000000000000000010000001001010000000
0010000000100000000010000100001000000001000000001010000000011000000100000100001010000000100000110000
0010000000100000000010000100001000000001000000001010000000011000000100000100001010000000100000110000
0001000000000100000001000100000001000000100000000010000000000000000000010010100010100010010100000000
0100011001010000000000000001000000000000000000100001110000000100000000000000010000000000000001001111
0010000000100000000010000100011000000001000000001010000000011000000100000100001010000000100000110000
0000000000000010000100000110000100001100011000010110000000010000000000000000000010000001001010000000
0100011001010000000000000001000000000000000000100001110000000100000000000000010000000000000001001111
0010000000100000000010000100001000000001000000001010000000011000000100000100001010000000100000110000
0010000000100000000010000100001000000001000000001010000000011000000100000100001010000000100000110000
0010000000100000000010000100001000000001000000001010000000011000000100000100001010000000100000110000
0010000000100000000010000100001000000001000000001010000000011000000100000100001010000000100000110000
0100011001010000000000000001000000000000000000100001110000000100000000000000010000000000000001001111
0000000000000100000001000100000001100010100000000010000100000000000001001010100010100000010100000000
0010100000100000000010000100001000000001000000001010000000011000000100000100001011000000100000110000
0010000000100000000010000100001000000001000000001010000000011000000100000100001010000000100000110000
0010000000100000000010000100001000000001000000001010000000011000000100000100001010000000100000110000
0010000000100000000010000100001000000001000000001010000000011000000100000100001010000000100000110000
0000000000000010000100000110000100001100011000010110000000010000000000000000000010000001001010000000
0000000000000010000100000110000100001100011000010110000000010000000000000000000010000001001010000000
0010000000100000000010000100001000000001000000001010000000011000000100000100001010000000100000110000
0100011001010000000000000001000000000000000000100001110000000100000000000000010000000000000001001111
0010000000100000000010000100001000000001000000001010000000011000000100000100001010000000100000110000
0010000000100000000010000100001000000001000000001010000000011000000100000100001010000000100000110000
0100011001010000000000000001000000000000000000100001110000000100000000000000010000000000000001001111
0010000000100000000010000100001000000001000000001010000000011000000100000100001110000000100000110000
0100011001010000000000000001000000000000000000100001110000000100000000000000010000000000000001001111
0100011001010000000000000001000000000000000000100001110000000100000000000000010000000000000001001111
0100011001010000000000000001000000000000000000100001110000000100000000000000010000000000000001001111
0100011001010000000000000001000000000000000000100001110000000100000000000000010000000000000001001111
0010000000100000000010000100001000000001000000001010000000011000000100000100001010000000100000110000
0010000000100000000010000100001000000001000000001010000000011000000100000100001010000000100000110000
0000000000000100000001000100000001100010100000000010000100000001000001001010100010100100010100000000
0010000000100000000010000100001000000001000000001010000000011000000100000100001010000000100000110000
0010000000100000000010000100001000000001000000001010000000011000000100000100001110000000100000110000
0000000000000100000001000100000001100010100000000010000100000000000001001010100010100000010100000000
0100011001010000000000000001000000000000000000100001110000000100000000000000010000000000000001001111
0010000000100000000010000100001000000001000000001010000000011000000100000100001010000000100000110000
0001000000000100000001000100000001000000100000000010000000000000000000010010100010100010010100000000
0010000000100000000010100100001000000001000000001010000000011000000100000100001010000000100000110000
0100011001010000000000000001000000000000000000100001110000000100000000000000010000000000000001001111
0010000000100000000010100100001000000001000000001010000000011000000100000100001010000000100000110000
0010000000100000000010000100001010000001000000001010000000011000000100000100001010000000100000110000
0010000000100000000010000100001000000001000000001010000000011000000100000100001010000000100000110000
0000000000000100000001000100000001100010100000000010000100000000000001001010100010100000010100000000
0010000000100000000010000100001000000001000000001010000000011000000100000100001110000000100000110000
0010000000100000000010000100001000000001000000001010000000011000000100000100001110000000100000110000
0010000000100000000010000100001000000001000000001010000000011000000100000100001010000000100000110000
0010000000100000000010000100001000000001000000001010000000011000000100000100001010000000100000110000
0010000000100000000010000100001000000001000000001010000000011000000100000100001110000000100000110000
0100011001010000000000000001000000000000000000100001110000000100000000000000010000000000000001001111
0100011001010000000000000001000000000000000000100001110000000100000000000000010000000000000001001111
0010000000100000001010000100001000000001000000001010000000011000000100000100001010000000100000110000
0010100000100000000010000100001000000001000000001010000000011000000100000100001011000000100000110000
0010000000100000000010000100001000000001000000001010000000011000000100000100001010000000100000110000
0010000000100000001010000100001000000001000000001010000000011000000100000100001010000000100000110000
0010000000100000000010000100001000000001000000001010000000011000000100000100001010000000100000110000
0100011001010000000000000001000000000000000000100001110000000100000000000000010000000000000001001111
0000000000000100000001000100000001100010100000000010000100000000000001001010100010100000010100000000
0010000000100000000010000100001000000001000000001010000000011000000100000100001010000000100000110000
0010000000100000000010000100001000000001000000001010000000011000000100000100001010000000100000110000
0010000000100000000010000100001000000001000000001010000000011000000100000100001010000000100000110000
0010000000100000000010000100001000000001000000001010000000011000000100000100001010000000100000110000
0010000000100000000010000100001000000001000000001010000000011000100100000000001010000000100000010000
0010000000100000000010000100001000000001000000001010000000011000000100000100001010000000100000110000
0100011001010000000000000001000000000000000000100001110000000100000000000000010000000000000001001111
0010000000100000000010000100001000000001000000001010000000011000000100000100001010000000100000110000
0010000000100000000010000100001000000001000000001010000000011000000100000100001010000000100000110000
0100011001010000000000000001000000000000000000100001110000000100000000000000010000000000000001001111
0000000000000100000001000100000001100010100000000010000100000001000001001010100010100100010100000000
0000000000000100000001000100000001100010100000000010000100000001000001001010100010100100010100000000
0000000000000010000100000110000100001100011000010110000000010000000000000000000010000001001010000000
0000000000000100000001000100000001100010100000000010000100000000000001001010100010100000010100000000
0010000000100000000010000100001000000001000000001010000000011000000100000100001110000000100000110000
0100011001010000000000000001000000000000000000100001110000000100000000000000010000000000000001001111
0100011001010000000000000001000000000000000000100001110000000100000000000000010000000000000001001111
0100011001010000000000000001000000000000000000100001110000000100000000000000010000000000000001001111
0010000000100000000010000100001000000001000000001010000000011000000100000100001010000000100000110000
0010000000100000000010000100001000000001000000001010000000011000000100000100001010000000100000110000
0000000000000100000001000100000001100010100001000010000100000000000001001010100010100000010100000000
0000000000000100000001000100000001100010100000000010000100000000000001001010100010100000010100000000
0100011001010000000000000001000000000000000000100001110000000100000000000001010000000000000001001111
0000000000000100000001000100000001100010100000000010000100000001000001001010100010100100010100000000
0010000000100000000010000100001000000001000000001010000000011000000100000100001010000000100000110000
0000000000000100000001000100000001100010100000000010000100000001000001001010100010100100010100000000
