./ms 500 1 -t 5 -s 100 -eN 0.2 5 
46765 60425 14383

//
prob: 5.94375e-06
segsites: 100
positions: 0.0113 0.0205 0.0252 0.0303 0.0334 0.0457 0.0623 0.0849 0.0887 0.0917 0.0931 0.1262 0.1319 0.1340 0.1475 0.1871 0.1888 0.1896 0.1914 0.1919 0.1927 0.1942 0.1988 0.2062 0.2087 0.2169 0.2559 0.2610 0.2809 0.2813 0.3015 0.3268 0.3393 0.3419 0.3475 0.3642 0.3650 0.3859 0.3926 0.3954 0.4097 0.4418 0.4423 0.4594 0.4601 0.4844 0.4909 0.4928 0.5083 0.5145 0.5269 0.5345 0.5677 0.5684 0.5827 0.5924 0.5986 0.6134 0.6142 0.6364 0.6380 0.6429 0.6429 0.6535 0.6586 0.6622 0.6642 0.6658 0.6787 0.6830 0.7100 0.7165 0.7267 0.7353 0.7485 0.7662 0.7725 0.7727 0.8032 0.8057 0.8091 0.8117 0.8139 0.8314 0.8332 0.8345 0.8444 0.8607 0.8627 0.8871 0.8995 0.9069 0.9188 0.9500 0.9628 0.9674 0.9702 0.9819 0.9991 0.9997 
0000010010000010000000000010010000001000000000011000000000100000000010000010000100000000000001000010
0000000010100000000000000000011000001100000100100000000000100000001010000010000000000000000001000010
0000010010000010000010000010010000001000000000011000000000100000000010000010000010000000000001000010
0000010010000010000000000010010000001000000000011000000000100000000010000010000000000000000001000010
1000100001000000000100001001000000000000010000000000000100100001000000000100001000100010000100000000
0000010010000010000010000010010000001000000000011000000000100000000010000010000010000000000001000010
0000010010000010000000000110010000001000000000011000000010100000000010000010000000001000000001000010
0000010010000010000000000110010000001000000000011000000010100000000010000010000000001000000001000010
0000010010000010000010000010010000001000000000011000000000100000000010000010000000000000000001001010
0000010010000010000000000010010000001000000000011000000000100000000010000010000000000000000001000010
0000000010100000000000000000011000001100000100100000000000100000001010000010000000000000000001000010
1000100001000000000000001001000000000000010000000000000100100001000000000100001000100010000100000000
0000010010000010000000000010010000001000000000011000000000100000000010000010000000000000000001000010
0000010010000010000000000010010000001000000000011001000010101000000110000010000000001000000001000010
0001000000010000100001000000100100000001000000000000010000010100000000100001000000000101001000100100
0001000000010000100001000000100100000001000000000000010000010100000000100001000000000101001000100100
1000100001000000000000001001000000000000010000000000000100100001000000000100001000100010000100000000
1000100001000000000000001001000000000000010000000000000100100001000000000100001000100010000100000000
1000100001000000000000001001000000000000010000000000000100100001000000000100001000100010000100000000
1000100001000000000000001001000000000000010000000000000100100001000000000100001000100010000100000000
0000010010000010000000000110010000001000000000011000000010100000000010000010000000001000000001000010
0000010010000010000000000110010000001000000000011000000010100000000010000010000000001000000001000010
0000010010000010000000000110010000001000000000011000100010100000010010000010000000001000000001000010
0000010010000010000000000110010000001000000000011000000010100000000010000010100000001000000001000010
1000100001000000000000001001000000000000010000000000000100100001000000000100001000100010000100000000
0000010010000010000000000010010000001000000000011001000010100000000110000010000000001000000001000010
0000000010100000000000000000011000001100000100100000000000100000000010000010000000000000000001000010
0001000000010000100001000000100100000001000000000000010001010100000000100001000000000101001000100100
0000010010000010000000000010010000001000000000011000000000100000000010000010000000000000000001000010
0000010010000010000000000110010000001000000000011000000010100000000010000010000000001000000001000010
1000100001000000000000001001000000000000010000000000000100100001000000000100001000100010000100000000
0000010010000010000000000010010000101000000000011000000000100000000010000010000000000000000001000010
0000010010000010000010000010010000001000000000011000000000100000000010000010000000000000000001001010
1000100001000000000000001001000000000000010000000000000100100001000000000100001000100010000100000000
1000100001000000000000001001000000000000010000000000000100100001000000000100001000100010000100000000
0000010010000010000000000110010000001000000000011000000010100000000010000010000000001000000001000010
0000010010000010000010000010010000001000000000011000000000100000000010000010000010000000000001000010
0000010010000010000000000110010000001000000000011000000010100000000010000010000000001000000001000010
1000100001000000000000001001000000000000010000000000000100100001000000000100001000100010000100000000
0000000010100000000000000000011000001100000100100000001000100000000010000010000000000000000001000010
0001000000010000100001000000100100000001000000000000010000010100000000100001000000000101001000100100
0000010010000010000000000010010000001000000000011000000000100000000010000010000000000000000001000010
0010000010000011000000000010010000011010001000000000000000100000000010000010000000010000010001000011
0000010010000010000000000110010000001000000000011000000010100000000010000010000000001000000001000010
0000010010000010000000000110010000001000000000011000000010100000000010000010000000001000000001000010
1000100001000000000000001001000000000000010000000000000100100001000000000100001000100010000100000000
1000100001000000000000001001000000000000010000000000000100100001000000000100001000100010000100000000
1000100001000000000000001001000000000000010001000000000100100001000000000100001000100010000100000000
0000010010000010000010000010010000001000000000011000000000100000000010000010000000000000000001001010
0000010010000010000000000010010000001000000000011000000000100000000010000010000000000000000001000010
0000010010000010010000000010010000001000000000011000000000100000000010000010000000000000000001010010
0000010010000010000000000010010000001000000000011000000000100000000010000010000000000000000001000010
1000100001000000000000001001000000000000010000000000000100100001000000000100001000100010000100000000
0000000010100000000000000000011000001100000100100000001000100000000010000010000000000000000001000010
1000100001000000000000001001000000000000010000000000000100100001000000000100001000100010000100000000
1000100001000000000100001001000000000000010000000000000100100001000000000100001000100010000100000000
0000010010000010000000000010010000001000000000011000000000100000000010000010000000000000000001000010
0000010010000010000000000010010000001000000000011000000000100000000010000010000000000000000001000010
0000010010000010000000000110010000001000000000011000000010100000000010000010000000001000000001000010
0010000010000011000000000010010000011010001000000000000000100000000010000010000000010000010001000011
0000010010000010000000000110010000001000000000011000000010100000000010000010000000001000000001000010
1000100001000000000000001001000000000000010000000000000100100001000000000100001000100010000100000000
1000100001001000000100001001000000000000010000000000000100100001000000000100001000100010000100000000
0000010010000010000000000110010000001000000000011000000010100000000010000010000000001000000001000010
1000100001000000000000001001000000000000010001000000000100100001000000000100001000100010000100000000
0000010010000010000000000010010000001000000000011000000000100000000010000010000000000000000001000010
0000010010000010000000000010010000001000000000011001000010100000000110000010000000001000000001000010
0000010010000010000000000110010000001000000000011000000010100000000010000010000000001000000001000010
1000100001001000000100001001000000000000010000000000000100100001000000000100001000100010000100000000
0000000010100000000000000000011000001100000100100000001000100000000010000010000000000000000001000010
0001000000010000100001000000100100000001000000000000010000010100000000100001000000000101001000100100
0001000000010000100001000000100100000001000000000000010000010100000000100001000000000101001000100100
0000010010000010000000000010010000101000000000011000000000100000000010000010000000000000000001000010
0000010010000010000000000010010000001000000000011000000000100000000010000010000000000000000001000010
0000010010000010000000000010010000001000000000011000000000100000000010000010000000000000000001000010
0000010010000010000010000010010000001000000000011000000000100000000010000010000000000000000001000010
0000010010000010000000000010010000001000000000011001000010101000000110000010000000001000000001000010
1100100001000000000000001001000000000000010000000000000100100001000000000100001000100010000100000000
0000010010000010000000000010010000001000000000011001000010100000000110000010000000001000000001000010
0000010010000010000000000010010000001000000000011001000010100000000110000010000000001000000001000010
1100100001000000000000001001000000000000010000000000000100100001000000000100001000100010000100000000
0000010010000110000000000010010000101000000000011000000000100000000010000010000000000000000001000010
0001000000010000100001000000100100000001000000000000010000010100000000100001000000000101001000100100
1100100001000000000000001001000000000000010000000000000100100001000000000100001000100010000100000000
0000010010000010000000000010010000001000000000011000000000100000000010000010000000000000000001000010
0000010010000010000000000010010000001000000000011000000000100000000010000010000000000000000001000010
1000100001000000000000001001000000000000010000000000000100100001000000000100001000100010000100000000
0000010010000010000010000010010000001000000000011000000000100000000010000010000000000000000001000010
0000010010000010000010000010010000001000000000011000000000100000000010000010000000000000000001000010
0000010010000010000000000010010000001000000000011001000010100000000110000010000000001000000001000010
0000010010000010000000000010010000001000000000011001000010100000000110000010000000001000000001000010
0000010010000010000000000010010000001000000000011001000010100000000110000010000000001000000001000010
0000010010000010000000000110010000001000000000011000000010100000000010000010000000001000000001000010
0000010010000010000000000110010000001000000000011000000010100000000010000010000000001000000001000010
0000010010000010000000000010010000101000000000011000000000100000000010000010000000000000000001000010
1000100001000000000000001001000000000000010000000000000100100001000000000100001000100010000100000000
0000010010000010000000000010010000001000000000011000000000100000000010000010000000000000000001000010
1000100001000000000000001001000000000000010000000000000100100001000000000100001000100010000100000000
0000010010000010000010000010010000001000000000011000000000100000000010000010000010000000000001000010
0000010010000010000000000010010000101000000000011000000000100000000010000010000000000000000001000010
0000010010000010000000000010010000001000000000011000000000100000000010000010000000000000000001000010
0000010010000010000010000010010000001000000000011000000000100000000010000010010010000000000001000010
0000010010000010000000000110010000001000000000011000000010100000000010000010000000001000000001000010
0000010010000010000010000010010000001000000000011000000000100000000010000010000010000000000001000010
0000010010000010000010000010010000001000000000011000000000100000000010000010000000000000000001000010
0000010010000010000000000010010000001000000000011001000010100000000110000010000000001000000001000010
0000010010000010000010000010010000001000000000011000000000100000000010000010000010000000000001000010
0000010010000010000000000110010000001000000000011000000010100000010010000010000000001000000001000010
0001000000010000100001000000100100000001000000000000010000010100000000100001000000000101001000100100
0000010010000010000000000010010000001000000000011001000010100000000110000010000000001000000001000010
1000100001000000000000001001000000000000010000000000000100100001000000000100001000100010000100000000
0000010010000010000000000110010000001000000000011000000010100000000010000010000000001000000001000010
0000010010000010000000000110010000001000000000011000000010100000000010000010000000001000000001000010
1000100001000000000000001001000000000000010000000000000100100001000000000100001000100010000100000000
0000010010000010000000000010010000001000000000011001000010101000000110000010000000001000000001000010
0010000010000010000000000010010000011010001000000000000000100000000010000010000000010000010001000011
0000010010000010000000000110010000001000000000011000000010100000000010000010000000001000000001000010
0000010010000010000000000010010000001000000000011000000000100000000010000010000000000000000001000010
0000010010000010000010000010010000001000000000011000000000100000000010000010000000000000000001000010
0001000000010000101001000000100110000001000000000000010000010100000000100001000000000101001000100100
0000010010000010000000000010010000001000000000011000000000100000000010000010000000000000000001000010
0000010010000010000000000010010000101000000000011000000000100000000010000010000000000000000001000010
0010000010000011000000000010010000011010001000000000000000100000000010000010000000010000010001000011
0000010010000010000000000010010000001000000000011000000000100000000010000010000000000000000001000010
0000000010100000000000000000011000001100000100100000001000100000000010000010000000000000000001000010
0000010010000010000000000110010000001000000000011000000010100000000010000010000000001000000001000010
1000100001000000000000001001000000000000010000000000000100100001000000000100001000100010000100000000
0000010010000010000000000110010000001000000000011000000010100000000010000010000000001000000001000010
1000100001000000000000001001000000000000010000000000000100100001000000000100001000100010000100000000
0000010010000010000000000010010000101000000000011000000000100000000010000010000000000000000001000010
1000100001000000000000001001000000000000010000000000000100100001000000000100001000100010000100000000
0001000000010000100001000000100100000001000000000000010000010100000000100001000000000101001000100100
0001000000010000100001000000100100000001000000000000010001010100000000100001000000000101001000100100
0001000000010000100001000000100100000001000000000000010000010100000000100001000000000101001000100100
0000010010000010000000000010010000001000000000011000000000100000000010000010000000000000000001000010
0000010010000010000000000110010000001000000000011000000010100000000010000010000000001000000001000010
0000010010000010000010000010010000001000000000011000000000100000000010001010000000000000000001000010
0000010010000010000000000010010000101000000000011000000000100000000010000010000000000000000001000010
0000010010000010000000000010010000001000000000011000000000100000000010000010000000000000000001000010
0000000010100000000000000000011000001100000100100000000000100000000010000010000000000000000001000010
0000010010000010000000000110010000001000000000011000000010100000000010000010000000001000000001000010
0000010010000010000000000110010000001000000000011000000010100000000010000010000000001000000001000010
1000100001000000000100001001000000000000010000000000000100100001000000000100001000100010000100000000
0001000000010000100001000000100100000001000000000100010000010100000000100001000000000101001000100100
0000010010000010000000000110010000001000000000011000000010100000000010000010000000001000000001000010
0010000010000011000000000010010000011010001000000000000000100000000010000010000000010000010001000011
0000010010000010000000000010010000001000000000011000000000100000000010000010000000000000000001000010
0000010010000010000000000010010000101000000000011000000000100000000010000010000000000000000001000010
0000000010100000000000000000011000001100000100100000001000100000000010000010000000000000000001000010
0000010010000010000000000110010000001000000000011000000010100000000010000010000000001000000001000010
0000000010100000000000000000011000001100000100100000001000100000000010000010000000000000000001000010
0000000010100000000000000000011000001100000100100000000000100000001010000010000000000000000001000010
0000010010000010000000000110010000001000000000011000000010100000000010000010000000001000000001000010
0000010010000010000010000010010000001000000000011000000000100000000010000010000000000000000001000010
0000010010000010000000000110010000001000000000011000000010100000000010000010000000001000000001000010
0000010010000010000000000110010000001000000000011000000010100000000010000010000000001000000001000010
0000010010000010000000000010010000101000000000011000000000100000000010000010000000000000000001000010
0000010010000010000010000010010000001000000000011000000000100000000010000010000010000000000001000010
0010000010000011000000000010010000011010001000000000000000100000000010000010000000010000010001000011
0000010010000010000000000010010000001000000000011001000010100000000110000010000000001000000001000010
0000010010000010000010000010010000001000000000011000000000100000000010000010000000000000000001000010
0000010010000010000000000110010000001000000000011000000010100000000010000010000000001000000001000010
0000010010000010000000000010010000001000000000011001000010100000000110000010000000001000000001000010
0001000000010000100001000000100100000001000000000000010000010100000000100001000000000101001000100100
0000010010000010000000000110010000001000000000011000000010100000000010000010000000001000000001000010
0000010010000010000000000110010000001000000000011000000010100000000010000010000000001000000001000010
0000010010000010000010000010010000001000000000011000000000100000000010000010000000000000000001000010
1000100001000000000000001001000000000000010010000000000100100001000000000100001000100010000100000000
0000010010000010000000000010010000001000000000011000000000100000000010000010000000000000000001000010
0000010010000010000000000010010000101000000000011000000000100000000010000010000000000000000001000010
0000010010000010000010000010010000001000000000011000000000100000000010000010000000000000000001000010
0010000010000011000000000010010000011010001000000000000000100000000010000010000000010000010001000011
0001000000010000100001000000100100000001000000000000010001010100000000100001000000000101001000100100
0000010010000010000000000010010000001000000000011000000000100000000010000010000000000000000001000010
1000100001000000000000001001000000000000010000000000000100100001000000000100001001100010000100000000
1100100001000000000000001001000000000000010000000000000100100001000000000100001000100010000100000000
0000010010000010000000000010010000001000000000011000000000100000000010000010000000000000000001000010
1000100001000000000000001001000000000000010000000000000100100001000000000100001000100010000100000000
0000010010000010000010000010010000001000100000011000000000100000000010000010000010000000100001000010
0000010010000010000010000010010000001000000000011000000000100000000010000010000000000000000001000010
0000010010000010000010000010010000001000000000011000000000100000000010001010000000000000000001000010
0001000000010000100001000000100100000001000000000000010000010100000000100001000000000101001000100100
0000010010000010000010000010010000001000000000011000000000100000000010000010000000000000000001000010
0001000000010000100001000000100100000001000000000000010000010100000000100001000000000101001000100100
0001000000010000100001000000100100000001000000000000010000010100000000100001000000000101001000100100
1000100001000000000000001001000000000000010000000000000100100001000000000100001000100010000100000000
1000100001000000000100001001000000000000010000000000000100100001000000000100001000100010000100000000
1000100001000000000100001001000000000000010000000000000100100001000000000100001000100010000100000000
0001000000010000101001000000100110000001000000000000010000010100000000100001000000000101001000100100
1000100001000000000100001001000000000000010000000000000100100001000000000100001000100010000100000000
0000010010000010000000000110010000001000000000011000000010100000000010000010000000001000000001000010
0001000000010000100001000000100100000001000000000000010000010100000000100001000000000101001000100100
0000010010000010000010000010010000001000000000011000000000100000000010000010000000000000000001000010
0010000010000011000000000010010000011010001000000000000000100000000010000010000000010000010001000011
1000100001000000000000001001000000000000010000000000000100100001000000000100001000100010000100000000
0010000010000011000000000010010000011010001000000000000000100000000010000010000000010000010001000011
0000010010000010000000000010010000001000000000011000000000100000000010000010000000000000000001000010
0000010010000010000000010010010000001000000000011000000000100000000010000010000000000000000001000010
0000010010000010000000000010010000001000000000011001000010100000000110000010000000001000000001000010
0000010010000010000000100010010000001000000000011000000000100000000010000010000000000000000001000010
0000010010000010000010000010010000001000000000011000000000100000000010000010000000000000000001000010
0000010010000010000000000010010000001000000000011000000000100000000010000010000000000000000001000010
0000010010000010000000000110010000001000000000011000000010100000000010000010000000001000000001000010
0000010010000010000010000010010000001000000000011000000000100000000010000010000000000000000001000010
1000100001000000000100001001000000000000010000000000000100100001000000000100001000100010000100000000
0001000000010000100001000000100100000001000000000000010000010100000000100001000000000101001000100100
0000010010000010000000000110010000001000000000011000000010100000000010000010000000001000000001000010
1000100001000000000000001001000000000000010000000000000100100001000000000100001000100010000100000000
0000010010000010000000000010010000001000000000011001000010100000000110000010000000001000000001000010
1000100001000000000000001001000000000000010000000000000100100001000000000100001000100010000100000000
0000010010000010000000000010010000001000000000011000000000100000000010000010000000000000000001000010
0000010010000010000010000010010000001000000000011000000000100000000010000010000000000000000001000010
0000010010000010000000000110010000001000000000011000000010100000000010000010000000001000000001000010
0000010010000010000000000010010000001000000000011000000000100000000010000010000100000000000001000010
1000100001000000000000001001000000000000010000000000000100100001000000000100001000100010000100000000
0000010010000010000000000010010000001000000000011001000010100000000110000010000000001000000001000010
0000010010000010000000000010010000001000000000011000000000100000000010000010000000000000000001000010
0000010010000010000000000010010000001000000000011000000000100000000010000010000000000000000001000010
0000010010000010000010000010010000001000000000011000000000100000000010000010000000000000000001000010
0000010010000010000000000010010000001000000000011000000000100000000010000010000000000000000001000010
0000011010000010000000000010010000101000000000011000000000100000000010000010000000000000000001000010
0000010010000010000000000010010000001000000000011000000000100000000010000010000000000000000001000010
0000010010000010000010000010010000001000000000011000000000100000000010000010000000000000000001000010
0001000000010000100001000000100100000001000000000000010000010100000000100001000000000101001000100100
0000010010000010000000000010010000001000000000011001000010100000000110000010000000001000000001000010
1000100001000000000100001001000000000000010000000000000100100001000000000100001000100010000100000000
1000100001000000000000001001000000000000010000000000000100100001000000000100001000100010000100000000
0000000010100000000000000000011000001100000100100000000000100000000010000010000000000000000001000010
0000000010100000000000000000011000001100000100100000000000100000001010000010000000000000000001000010
0001000000010000100001000000100100000001000000000000010000010100000000100001000000000101001000100100
0000010010000010000010000010010000001000000000011000000000100000000010001010000000000000000001000010
0000010010000010000000000010010000001000000000011000000000100000000010000010000000000000000001000010
1000100001000000000000001001000000000000010000000000000100100001000000000100001000100010000100000000
1100100001000000000000001001000000000000010000000000000100100001000000000100001000100010000100000000
1000100001000000000000001001000000000000010000000000000100100001000000000100001000100010000100000000
1000100001000000000000001001000000000000010000000000000100100001000000000100001000100010000100000000
1000100001000000000000001001000000000000010000000000000100100001000000000100001001100010000100000000
0000010010000010000000000010010000001000000000011001000010100000000110000010000000001000000001000010
0000010010000010000000000110010000001000000000011000000010100000000010000010000000001000000001000010
0000010010000010000000000010010000101000000000011000000000100000000010000010000000000000000001000010
1000100001000000000000001001000000000000010000000000000100100001000000000100001000100010000100000000
0000010010000010000000000010010001001000000000011000000000100000000010000010000000000000000001000010
0000010010000010000000000110010000001000000000011000000010100000000010000010000000001000000001000010
1000100001000000000000001001000000000000010001000000000100100001000000000100001000100010000100000000
0000010010000010000000100010010000001000000000011000000000100000000010000010000000000000000001000010
1000100001000000000000001001000000000000010000000000000100100001000000000100001000100010000100000000
0000010010000010000010000010010000001000000000011000000000100000000010000010000010000000000001000010
0010000010000010000000000010010000011010001000000000000000100000000010000010000000010000010001000011
0000000010100000000000000000011000001100000100100000000000100000001010000010000000000000000001000010
0000000010100000000000000000011000001100000100100000001000100000000010000010000000000000000001000010
1000100001000000000000001001000000000000010000000000000100100001000000000100001000100010000100000000
1000100001000000000000001001000000000000010000000000000100100001000000000100001000100010000100000000
0010000010000011000000000010010000011010001000000000000000100000000010000010000000010000010001000011
1000100001000000000000001001000000000000010000000000000100100001000000000100001000100010000100000000
1000100001000000000100001001000000000000010000000000000100100001000000000100001000100010000100000000
0000010110000010000000000010010000001000000000011000000000100000000010000010000000000000000001000010
0000010010000010000000000110010000001000000000011000000010100000000010000010000000001000000001000010
0001000000010000100001000000100100000001000000000000010000010100000000100001000000000101001000100100
0000010010000010000000000010010000001000000000011000000000100000000010000010000000000000000001000010
1000100001000000000000001001000000000000010001000000000100100001000000000100001000100010000100000000
0000010010000010000000000010010000001000000000011000000000100000000010000010000000000000000001000010
0010000010000011000000000010010000011010001000000000000000100000000010000010000000010000010001000011
0000000010100000000000000000011000001100000100100000001000100000000010000010000000000000000001000010
1000100001000000000000001001000000000000010000000000000100100001000000000100001000100010000100000000
0000010010000010000010000010010000001000000000011000000000100000000010000010000000000000000001001010
1000100001000000000000001001000000000000010000000000000100100001000000000100001000100010000100000000
1000100001000000000000001001000000000000010000000000000100100001000000000100001000100010000100000000
1100100001000000000000001001000000000000010000000000000100100001000000000100001000100010000100000000
0000010010000010000000000010010000001000000000011000000000100000000010000010000000000000000001000010
0000010010000010000010000010010000001000000000011000000000100000000010000010000000000000000001001010
0000010010000010000000000010010000001000000000011000000000100000000010000010000000000000000001000010
0000010010000010000000000010010000001000000000011000000000100000000010000010000000000000000001000010
0000010010000010000000000110010000001000000000011000000010100000000010000010000000001000000001000010
0000010010000010000010000010010000001000000000011000000000100000000010000010000000000000000001000010
0000010010000010000000000010010000001000000000011001000010100000000110000010000000001000000001000010
0000010010000010000000000110010000001000000000011000000010100000000010000010000000001000000001000010
1000100001000000000100001001000000000000010000000000000100100011000000000100001000100010000100000000
0000010010000010000000000110010000001000000000011000000010100000000010000010000000001000000001000010
0000010010000010000000000010010000101000000000011000000000100000000010000010000000000000000001000010
1000100001000000000000001001000000000000010000000000000100100001000000000100001000100010000100000000
1000100001000000000000001001000000000000010000000000000100100001000000000100001000100010000100000000
0000010010000010000000000110010000001000000000011000000010100000000010000010000000001000000001000010
1000100001000000000100001001000000000000010000000000000100100001000000000100001000100010000100000000
1000100001000000000000001001000000000000010000000000000100100001000000000100001000100010000100000000
0000010010000010000000000010010000001000000000011000000000100000000011000010000000000000000001000010
0001000000010000100001000000100100000001000000000000010000010100000000100001000000000101001000100100
0000010010000010000010000010010000001000000000011000000000100000000010000010000010000000000001000010
0000010010000010000000000110010000001000000000011000000010100000000010000010000000001000000001000010
0000000010100000000000000000011000001100000100100000001000100000000010000010000000000000000001000010
1000100001000000000000001001000000000000010000000000000100100001000000000100001000100010000100000000
0000010010000010000010000010010000001000000000011000000000100000000010000010000000000000000001000010
0000010010000010000000000110010000001000000000011000000010100000000010000010000000001000000001000010
0000000010100000000000000000011000001100000100100000001000100000000010000010000000000000000001000010
0000000010100000000000000000011000001100000100100000000000100000001010000010000000000000000001000010
0000010010000010000000000110010000001000000000011000000010100000000010000010000000001000000001000010
0000000010100000000000000000011000001100000100100000001000100000000010000010000000000000000001000010
0000010010000010000010000010010000001000000000011000000000100000000010000010000000000000000001000010
0000000010100000000000000000011000001100000100100000001000100000000010000010000000000000000001000010
1100100001000000000000001001000000000000010000000000000100100001000000000100001000100010000100000000
0001000000010000100001000000100100000001000000000000010000010100000000100001000000000101001000100100
0000010010000010000010000010010000001000000000011000000000100000000010000010000010000000000001000010
0000010010000010000010000010010000001000000000011000000000100000000010000010000000000000000001000010
0001000000010000101001000000100110000001000000000000010000010100000000100001000000000101001000100100
0000010010000010000000000010010000001000000000011000000000100000000010000010000000000000000001000010
1000100001000000000000001001000000000000010000000000000100100001000000000100001000100010000100000000
0000010010000010000000000110010000001000000000011000000010100000000010000010000000001000000001000010
0000010010000010000000000110010000001000000000011000000010100000000010000010000000001000000001000010
0001000000010000101001000000100100000001000000000000010000010100000000100001000000000101001000100100
0000010010000010000000000010010000001000000000011000000000100000000010000010000000000000000001000010
0000010010000010000000000010010000001000000000011000000000100000000010000010000000000000000001000010
1000100001000000000000001001000000000000010000000000000100100001000000000100001000100010000100000000
0000010010000010000000000010010000001000000000011000000000100000000010000010000000000000000001000010
0000000010100000000000000000011000001100000100100000000000100000000010000010000000000000000001000010
0000010010000010000000000010010000001000000000011000000000100000000010000010000000000000000001000010
1000100001000000000000001001000000000000010000000000000100100001000000000100001000100010000100000000
0000010010000010000000000010010000001000000000011000000000100000000010000010000000000000000001000010
0001000000010000100001000000100100000001000000000000010000010100000000100001000000000101001000100100
0000010010000010000000000010010000001000000000011000000000100000000010000010000000000000000001000010
0000010010000010000000000110010000001000000000011000000010100000000010000010000000001000000001000010
0000010010000010000000000010010000001000000000011001000010100000000110000010000000001000000001000010
0000010010000010000000000110010000001000000000011000000010100000000010000010000000001000000001000010
1000100001000000000000001001000000000000010010000000000100100001000000000100001000100010000100000000
0000010010000010000010000010010000001000000000011000000000100000000010000010000000000000000001000010
0000010010000010000000000010010000101000000000011000000000100000000010000010000000000000000001000010
0000010010000010000010000010010000001000000000011000000000100000000010000010000000000000000001000010
1000100001000000000100001001000000000000010000000000000100100011000000000100001000100010000100000000
0001000000010000101001000000100110000001000000000000010000010100000000100001000000000101001000100100
0000010010000010000000000010010000001000000000011000000000100000000010000010000000000000000001000010
1000100001000000000100001001000000000000010000000000000100100001000000000100001000100010000110000000
0000010010000010000000000110010000001000000000011000000010100000000010000010000000001000000001000010
1000100001000000000100001001000000000000010000000000000100100001000000000100001000100010000100000000
0000010010000010000000000010010000001000000000011000000000100000000010000010000000000000000001000010
0000010010000010000010000010010000001000000000011000000000100000000010010010000000000000000001000010
1000100001000000000000001001000000000000010000000000000100100001000000000100001000100010000100000000
0001000000010000100001000000100100000001000000000000010000010100000000100001000000000101001000100100
0000010010000010000000000110010000001000000000011000000010100000000010000010000000001000000001000010
1000100001000000000000001001000000000000010000000000000100100001000000000100001000100010000100000000
0000010010000010000000000110010000001000000000011000000010100000000010000010000000001000000001000010
0000010010000010000000000110010000001000000000011000000010100000000010000010000000001000000001000010
0000010010000010000000000110010000001000000000011000000010100000000010000010000000001000000001000010
0000010010000010000000000010010000001000000000011000000000100000000010000010000000000000000001000010
0000011010000010000000000010010000101000000000011000000000100000000010000010000000000000000001000010
0000010010000010000010000010010000001000000000011000000000100000000010001010000000000000000001000010
0000010010000010000000000110010000001000000000011000000010100000000010000010000000001000000001000010
0000010010000010000000100010010000001000000000011000000000100000000010000010000000000000000001000010
0000010010000010000000000010010000001000000000011000000000100000000010000010000000000000000001000010
0000010010000010000010000010010000001000000000011000000000100000000010000010000010000000000001000010
0000010010000010000000000010010000001000000000011000000000100000000010000010000000000000000001000010
0000010010000010000010000010010000001000000000011000000000100000000010000010000000000000000001001010
0000010010000010000000000010010000001000000000011000000000100000000010000010000000000000000001000010
0000010010000010000000000110010000001000000000011000000010100000000010000010000000001000000001000010
0000010010000010000000000010010000001000000000011000000000100000000010000010000000000000000001000010
1000100001000000000000001001000000000000010000000000000100100001000000000100001000100010000100000000
1000100001000000000000001001000000000000010000000000000100100001000000000100001000100010000100000000
0000010010000010000000000010010000001000000000011001000010100000000110000010000000001000000001000010
0000000010100000000000000000011000001100000100100000001000100000000010000010000000000000000001000010
0000010010000010000000000010010000001000000000011000000000100000000010000010000000000000000001000010
1000100001000000000000001001000000000000010000000000000100100001000000000100001000100010000100000000
1000100001000000000100001001000000000000010000000000000100100001000000000100001000100010000100000000
0000010010000010000000000110010000001000000000011000000010100000000010000010000000001000000001000010
0001000000010000100001000000100100000001000000000000010000010100000000100001000000000101001000100100
0000010010000010000010000010010000001000000000011000000000100000000010001010000000000000000001000010
1000100001000000000100001001000000000000010000000000000100100001000000000100001000100010000100000000
0000010010000010000000000110010000001000000000011000000010100000000010000010000000001000000001000010
0000010010000010000000000010010000001000000000011000000000100000000010000010000000000000000001000010
0000010010000010000000000010010000001000000000011000000000100000000010000010000000000000000001000010
0001000000010000100001000000100100000001000000000000010000010100000000100001000000000101001000100100
0000010010000010000010000010010000001000000000011000000000100000000010000010010010000000000001000010
1100100001000000000000001001000000000000010000000000000100100001000000000100001000100010000100000000
1000100001000000000100001001000000000000010000000000000100100001000000000100001000100010000100000000
0000010010000010000000000110010000001000000000011000000010100000000010000010000000001000000001000010
0000010010000010000010000010010000001000000000011000000000100000000010000010000010000000000001000010
0000010010000010000000000010010000001000000000011000000000100000000010000010000000000000000001000010
0000010010000010000000000010010000001000000000011001000010100000000110000010000000001000000001000010
0000010010000010000000000110010000001000000000011000000010100000000010000010100000001000000001000010
0000010010000010000010000010010000001000000000011000000000100000000010000010000000000000000001000010
1000100001000000000000001001000000000000010000000000000100100001000000000100001000100010000100000000
0000010010000010000000000110010000001000000000011000000010100000000010000010000000001000000001000010
0000010010000010000010000010010000001000000000011000000000100000000010000010000000000000000001000010
0000010010000010000010000010010000001000000000011000000000100000000010010010000000000000000001000010
0000010010000010000000100010010000001000000000011000000000100000000010000010000000000000000001000010
0000010010000010000010000010010000001000000000011000000000100000000010000010000010000000000001000010
1000100001000000000100001001000000000000010000000000000100100001000000000100001000100010000100000000
1100100001000000000000001001000000000000010000000000000100100001000000000100001000100010000100000000
1000100001000000000000001001000000000000010000000000000100100001000000000100001000100010000100000000
1000100001000000000000001001000000000000010000000000000100100001000000000100001000100010000100000000
0000010010000010010000000010010000001000000000011000000000100000000010000010000000000000000001010010
0000010010000010000010000010010000001000000000011000000000100000000010000010000000000000000001000010
0000010010000010010000000010010000001000000000011000000000100000000010000010000000000000000001010010
0000010010000010000010000010010000001000100000011000000000100000000010000010000010000000100001000010
0000000010100000000000000000011000001100000100100000001000100000000010000010000000000000000001000010
0000010010000010000000000010010000101000000000011000000000100000000010000010000000000000000001000010
0000010010000010000000000110010000001000000000011000000010100000000010000010000000001000000001000010
0001000000010000100001000000100100000001000000000000010000010100000000100001000000000101001000100100
0001000000010000100001000000100100000001000000000000010000010100000000100001000000000101001000100100
1000100001000000000100001001000000000000010000000000000100100001000000000100001000100010000100000000
0000010010000010000010000010010000001000000000011000000000100000000010000010000000000000000001000010
0000010010000010000000000010010000001000000000011000000000100000000010000010000000000000000001000010
0000000010100000000000000000011000001100000100100000001000100000000010000010000000000000000001000010
1000100001000000000000001001000000000000010010000000000100100001000000000100001000100010000100000000
1000100001000000000000001001000000000000010000000000000100100001000000000100001000100010000100000000
0010000010000011000000000010010000011010001000000000000000100000000010000010000000010000010001000011
0000010010000010000000000110010000001000000000011000100010100000010010000010000000001000000001000010
0000010010000010000010000010010000001000000000011000000000100000000010001010000000000000000001000010
0010000010000010000000000010010000011010001000000000000000100000000010000010000000010000010001000011
0000010010000010000000000010010000001000000000011000000000100000000010000010000000000000000001000010
0000010010000010000000000010010000001000000000011001000010100000000110000010000000001000000001000010
0000010010000010000000000110010000001000000000011000000010100000000010000010000000001000000001000010
0000010010000010000010000010010000001000000000011000000000100000000010000010010010000000000001000010
0001000000010000100001000000100100000001000000000000010000010100000000100001000000000101001000100100
0001000000010000100001000000100100000001000000000000010000010100000000100001000000000101001000100100
0000010010000110000000000010010000101000000000011000000000100000000010000010000000000000000001000010
0000010010000010000010000010010000001000000000011000000000100000000010001010000000000000000001000010
0000010010000010000000000010010000001000000000011000000000100000000010000010000000000000000001000010
0000010010000010000000000110010000001000000000011000000010100000000010000010000000001000000001000010
1000100001000000000000001001000000000000010000000000000100100001000000000100001001100010000100000000
0010000010000011000000000010010000011010001000000000000000100000000010000010000000010000010001000011
0001000000010000100001000000100100000001000000000000010000010100000000100001000000000101001000100100
0000010010000010000010000010010000001000000000011000000000100000000010000010000010000000000001000010
1000100001000000000000001001000000000000010000000000000100100001000000000100001000100010000100000000
0001000000010000100001000000100100000001000000000000010000010100000000100001000000000101001000100100
1000100001000000000000001001000000000000010000000000000100100001000000000100001000100010000100000000
0000010010000010000000010010010000001000000000011000000000100000100010000010000000000000000001000010
1000100001000000000000001001000000000000010000000000000100100001000000000100001000100010000100000000
1000100001000000000100001001000000000000010000000000000100100001000000000100001000100010000100000000
0000010010000010000000000110010000001000000000011000000010100000000010000010000000001000000001000010
0000010010000010000000000010010000001000000000011001000010100000000110000010000000001000000001000010
0000010010000010000000000010010000001000000000011001000010100000000110000010000000001000000001000010
0001000000010000100001000000100100000001000000000000010000010100000000100001000000000101001000100100
1000100001000000000000001001000000000000010000000000000100100001000000000100001000100010000100000000
0000010010000010000000000010010000001000000000011001000010100000000110000010000000001000000001000010
0000010010000010000000000010010000001000000000011000000000100000000010000010000000000000000001000010
0001000000010000100001000000100100000001000000000000010000010100000000100001000000000101001000100100
0000010010000010000010000010010000001000000000011000000000100000000010000010000000000000000001001010
0010000010000010000000000010010000011010001000000000000000100000000010000010000000010000010001000011
0000010010000010000010000010010000001000000000011000000000100000000010000010000000000000000001001010
0000010010000010000000000110010000001000000000011000000010100000000010000010000000001000000001000010
0001000000010000100001000000100100000001000000000000010000010100000000100001000000000101001000100100
0000010010000010000000010010010000001000000000011000000000100000100010000010000000000000000001000010
0000010010000010000000000110010000001000000000011000000010100000000010000010000000001000000001000010
0001000000010000100001000000100100000001000000000000010000010100000000100001000000000101001000100100
1000100001000000000100001001000000000000010000000000000100100001000000000100001000100010000100000000
0000010010000010000010000010010000001000000000011000000000100000000010000010000010000000000001000010
0000010010000010000000000110010000001000000000011000000010100000000010000010000000001000000001000010
0000010010000010000010000010010000001000000000011000000000100000000010000010000000000000000001000010
0000010010000010000000000110010000001000000000011000000010100000000010000010000000001000000001000010
0000000010100000000000000000011000001100000100100000001000100000000010000010000000000000000001000010
1000100001000000000000001001000000000000010000000000000100100001000000000100001000100010000100000000
0000010010000010000010000010010000001000000000011000000000100000000010000010000000000000000001000010
0000000010100000000000000000011000001100000100100000001000100000000010000010000000000000000001000010
0000010010000010000010000010010000001000000000011000000000100000000010000010000000000000000001000010
1000100001000000000100001001000000000000010000000000000100100001000000000100001000100010000100000000
0000010010000010000010000010010000001000000000011000000000100000000010001010000000000000000001000010
0000010010000010000000000010010000001000000000011000000000100000000010000010000000000000000001000010
0000010010000010000000000010010000001000000000011000000000100000000010000010000000000000000001000010
0000010010000010000000000110010000001000000000011000000010100000000010000010000000001000000001000010
0000010010000010000000000010010000001000000000011000000000100000000010000010000000000000000001000010
0000010010000010000000000110010000001000000000011010000010100000000010000010000000001000000001000010
1000100001000000000000001001000000000000010000000000000100100001000000000100001000100010000100000000
1000100001000000000000001001000000000000010000000000000100100001000000000100001000100010000100000000
0001000000010000100001000000100100000001000000000000010000010100000000100001000000000101001000100100
1000100001000000000100001001000000000000010000000000000100100011000000000100001000100010000100000000
1100100001000000000000001001000000000000010000000000000100100001000000000100001000100010000100000000
0000010010000010000000000010010000001000000000011000000000100000000010000010000000000000000001000010
0000010010000010000010000010010000001000000000011000000000100000000010000010000000000000000001000010
1000100001000000000000001001000000000000010000000000000100100001000000000100001000100010000100000000
0000010010000010000000000110010000001000000000011000000010100000000010000010000000001000000001000010
0000010010000010000010000010010000001000000000011000000000100000000010000010000010000000000001000010
0000010010000010000000000010010000001000000000011000000000100000000010000010000000000000000001000010
0001000000010000100001000000100100000001000000000000010000010100000000100001000000000101001000100100
1000100001000000000000001001000000000000010000000000000100100001000000000100001000100010000100000000
1000100001000000000000001001000000000000010000000000000100100001000000000100001000100010000100000000
0000010010000010000000000010010000101000000000011000000000100000000010000010000000000000000001000010
1000100001000000000000001001000000000000010000000000000100100001000000000100001000100010000100000000
0000010010000010000000000010010000001000000000011000000000100000000010000010000000000000000001000010
0001000000010000100001000000100100000001000000000000010000010100000000100001000000000101001000100100
0000010010000010000000000010010000001000000000011000000000100000000011000010000000000000000001000010
0000010010000010000000000110010000001000000000011000000010100000000010000010000000001000000001000010
0000010010000010000000000110010000001000000000011000000010100000000010000010000000001000000001000010
0000010010000010000000000010010000001000000000011000000000100000000010000010000000000000000001000010
1000100001000000000000001001000000000000010000000000000100100001000000000100001000100010000100000000
1000100001000000000000001001000000000000010000000000000100100001000000000100001000100010000100000000
0000010010000010000000000010010000001000000000011000000000100000000010000010000000000000000001000010
1000100001000000000000001001000000000000010001000000000100100001000000000100001000100010000100000000
0000000010100000000000000000011000001100000100100000001000100000000010000010000000000000000001000010
0001000000010000100001000000100100000001000000000000010000010100000000100001000000000101001000100100
0001000000010000100001000000100100000001000000000000010000010100000000100001000000000101001000100100
1000100001000000000000001001000000000000010000000000000100100001000000000100001000100010000100000000
0000010010000010000010000010010000001000000000011000000000100000000010000010000010000000000001000010
0000010010000010000000000110010000001000000000011000000010100000000010000010000000001000000001000010
0000010010000010000000000010010000001000000000011000000000100000000010000010000000000000000001000010
0001000000010000100001000000100100000001000000000000010000010100000000100001000000000101001000100100
1000100001000000000000001001000000000000010000000000000100100001000000000100001000100010000100000000
1000100001000000000100001001000000000000010000000000000100100011000000000100001000100010000100000000
1000100001000000000100001001000000000000010000000000000100100001000000000100001000100010000100000000
0010000010000010000000000010010000011010001000000000000000100000000010000010000000010000010001000011
0000010010000010000010000010010000001000000000011000000000100000000010000010000000000000000001000010
0000010010000010000000000110010000001000000000011000000010100000000010000010000000001000000001000010
0000010010000010000000000110010000001000000000011000000010100000000010000010000000001000000001000010
0000010010000010000000000010010000001000000000011000000000100000000010000010000000000000000001000010
