./ms 500 1 -t 5 -s 100 
57898 23902 63680

//
prob: 5.47601e-20
segsites: 100
positions: 0.0146 0.0206 0.0513 0.0539 0.1026 0.1340 0.1370 0.1496 0.1510 0.1517 0.1796 0.1805 0.1910 0.1944 0.1985 0.2130 0.2185 0.2193 0.2209 0.2322 0.2487 0.2517 0.2606 0.2725 0.2957 0.2964 0.3066 0.3145 0.3236 0.3383 0.3390 0.3512 0.3607 0.3613 0.3618 0.3866 0.3899 0.3922 0.3941 0.4038 0.4345 0.4497 0.4568 0.4607 0.4635 0.4763 0.4851 0.4903 0.4922 0.4937 0.4987 0.5009 0.5037 0.5098 0.5199 0.5206 0.5231 0.5245 0.5283 0.5317 0.5350 0.5415 0.5612 0.6059 0.6131 0.6210 0.6406 0.6452 0.6548 0.6687 0.6711 0.6787 0.6838 0.7052 0.7234 0.7245 0.7294 0.7303 0.7500 0.7556 0.7612 0.7797 0.7942 0.7956 0.8048 0.8052 0.8128 0.8238 0.8493 0.8588 0.8655 0.8817 0.8936 0.9046 0.9345 0.9393 0.9456 0.9492 0.9508 0.9725 
0000000000000000000000000000000000000100010000000101000000001000000000010000000000000100000010000000
0000000001000100000100000101000000100000000100000010000000010000011000000100000000000010000000010000
0000000000000000000000000000000000000100010000000101000000001000000000010000000000000100000010000000
0001010010000000000000000000000000000100100000000001100000000000000000000000000010000100000010000000
0000000000100000000000000000000000000100000000000001000000001010000000000000000000000100100010000100
0000000000100000000000000000000000000100000000000001000000001010000000000000000000000100100010000100
0001010000000000000000000000000000000100000000000001100000000000000100100000000010010100000010000000
0000000000100000001000000000000000000100000000000001000000001010000000000000000000000101000010000100
0100000000100000000000000000000000000100000000000001000000001010000000000000000000000100100010000100
0000000000000011000001000010000000000100000000000001000000001000000000000000000000000100000010000000
0000000000100000000000000000000000000100000000000001000000001010000000000000000000000100100010000100
0000001000000000000000000000000000000001001000000000000000000000000000001000000000001000000000000010
0001010000000000000000000000000100000100000001000001100000000000000000000001000000000100000010000000
0000000000000000000000000000000000000100010000000101000000001000000000010000000000000100000010000000
0000000000101000000000000000000000000100000000000001000000001000000000000000000000000100000010000000
0000000000000011000001000010000000000100000000000001000000001000000000000000000000000100000010000000
0000000000000000010000000000000000000100000000000001000000001000000000000000000000100100000010000000
0000000000100000000000000000000000000100000000000001000000001010000000000000000000000100100010000100
0000000000000000010000000000000000000100000000000001000000001000000000000000000000100100010010000000
0000000000100000001000000000000000000100000000000001000000001010000000000000000000000101000010000100
0000000001010100000100000101000000100000000100000000010000010000011000000100000000000010000000000000
0000000000100000000000000000000000000100000000000001000000001010000000000000000000000100100010000100
0000000000100000000000000000000000010100000000000001000000001000000000000000000000000100000010000000
0000000000000011000001000010000000000100000000000001000000001000000000000000000000000100000010000000
0000100000100000000000000000000000000100000000000001000000001010000000000000000000000100100010000100
0000000000100000000000000000000000000100000000000001000000001010000000000000000000000100000010000100
0001010000000000000000000000000100000100000000000001100000000000000000000001000001000100000010000000
0000000001000100000100000101000000100000000100000010000000010000011000000100000000000010000000010000
0000001000000000000000000000000000000001001000000000000000000000000000001000000000001000000000000010
0000000000000000000000000000000000000100010000000101000000001000000000010000000000000100000010000000
0001010000000000000000000000000100000100000000000001100000000000000000000001000001000100000010000000
0000000000000000000000000000000000000100010000000101000000001000000000010000000000000100000010000000
0000000001000100000100000101001000100000000100000010000000010000011000000100000000000010000000010000
0000000000000011000011100010000000001100000000000001000000001000000000000000000000000100000010000000
0000000000100000000000000000000000000100000000000001000000001010000000000000000000000100100010000100
0000000000100000000000000000000000000100000000000001000000001010000000000000000000000100100010000100
0000000000100000000000000000000000010100000000000001000000001001000000000000000000000100000010000001
0000000000100000000000000000000000000100000000000001000000001010000000000000000000000100100010000100
0000000000100000001000000000000000000100000000000001000000001010000000000000000000000101000010001100
1001010000000000000000000000000000000100000000000001100000000000000100000000000010010100000010000000
0000001000000000000000000000000000000001001000000000000000000000000000001000000000001000000000000010
0000000000100000000000000000000000000100000000000001000000001010000000000000000000000100100010000100
0000000000000000000000000000000000000100010000000101000000001000000000010000000000000100000010000000
0000000000100000001000000000000000000100000000000001000000001010000000000000000000000101000010000100
0000000000100000001000000000000000000100000000000001000000001010000000000000000000000101000010000100
0000000000100000000000000000000000010100000000000001000000101000000000000000000000000100000010000000
0000000001000100000100000101000000100000000100000010000000010000011000000100000000000010000000010000
0000000000100000000000000000000000000100000000000001000000001010000000000000000000000100100010000100
0100000000100000000000000000000000000100000000000001000000001010000000000000000000000100100010000100
0000000000000011000001000010000000000110000000000001000000001000000000000000000000000100000010000000
0000000000100000000000000000000000000100000000000001000000001010000000000000000000000100000010000100
0001010000000000000000000000000100000100000000000001100000000000000000000001000000000100000010000000
0001010000000000000000000000000000000100000000000001100000000000000100100000000010010100000010000000
0000000000100000000000000000000000010100000000000001000000001000000000000000000000000100000010000000
0001010000000000000000000000000000000100000000000001100000000000000000000000001010000100000110000000
0000000001000100000100000101000000100000000100000010000000010000011000000100000000000010000000010000
0000000000100000000000000000000000010100000000000001000000001001000000000000000000000100000010000001
0000000000000011000001000010000000000100000000000001000000001000000000000000000000000100000010000000
0000000000000000010000000000000000000100000000000001000000001000000000000000000000100100000010000000
0000000000100000000000000000000000000100000000000001000000001010000000000000000000000100100010000100
0001010000000000000000000000000000000100000000010001100000000000000100000000000010010100000010000000
0000000000000011000011000010000000000100000000000001000000001000000000000000000000000100000010000000
0000000000101000000000000000000000000100000000000001000000001000000000000000000000000100000010000000
0001010000000000000000000000000100000100000001000001100000000000000000000001000000000100000010000000
0001010000000000000000000000000000000100000000010001100000000000000100000000000010010100000010000000
0001010000000000000000000000000000000100000000000001100010000000000000000000001010000100000110000000
0000000000100000000000000000000000000100000000000001000000001010000000000000000000000100100010000100
0000000000100000000000000000000000010100000000000001000000001000000000000000000000000100000010000000
0000000000000000000000000000000000000100010000000101000000001000000000010000000000000100000010000000
0001010000000000000000000000000100000100000000000001100000000000000000000001000000000100000010000000
0000000000000011000001000010000000000100000000000001000000001000000000000000000000000100000010000000
0000000000100000000000000000000000010100000000000001000000001000000000000000000000000100000010000000
0100000000100000000000000000000000000100000000000001000000001010000000000000000000000100100010000100
0000000000100000001000000000000000000100000000000001000000001010000000000000000000000101000010000100
0000000000000000010000000000000000000100000000000001000000001000000000000000000000100100000010000000
0000000000100000000000000000000000000100000000000001000000001010000000000000000000000100100010000100
0000000000000011000011000010000000000100000000000001000000001000000000000000000000000100000010000000
0000000000000000010000000000000000000100000000000001000000001000000000000000000000100100000010000000
0000000001000100000100000101000000100000000100000010000000010000011000000100000000000010000000010000
0000000000100000000000000000000000000100000000000001000000001010000000000000000000000100100010000100
0000000000000000000000000000000000000100010000000101000000001000000000010000000000000100000010000000
0000000000000000010000000000000000000100000000000001000000001000000000000000000100100100000010000000
0000000000100000000000000000000000010100000000000001000000001001000000000000000000000100000010000001
0000000000100000000000000000000000000100000000000001000000001000000000000000000000000100000010000000
1001010000000000000000000000000000000100000000000001100000000000000100000000000010010100000010000000
0000000001000100000100000101000000100000000100000010000000010000011000000100000000000010000000010000
0000100000100000000000000000000000000100000000000001000000001010000000000000000000000100100010000100
0000000000100000000000000000000000010100000000000001000000001001000000000000000000000100000010000001
0000000000000000010000000000000000000100000000000001000000001000000000000000000000100100000010000000
0000000000100000000000000000010000000100000000000001000000001010000000000010000000000100100010000100
0000000000100000000000000000000000000100000000000001000000001010000000000000000000000100100010000100
1001010000000000000000000000000000000100000000000001100000000000000100000000000010010100000010000000
0001010000000000000000000000000100000100000000000001100000000000000000000001000000000100000010000000
0000000000000000000000000000000000000100010000000101000000001000000000010000000000000100000010000000
0000000000100000000000000000000000000100000000000001000000001010000000000000000000000100100010000100
0000001000000000000000000000000000000001001000000000000000000000000000001000000000001000000000000010
0000000000000000000000000000100000000001000000100000000000000100100000001000000000001000000000000010
0001010000000000000000000000000000000100000000010001100000000000000100000000000010010100000010000000
0000000001000100000100000101000000100000000100000010000000010000011000000100000000000010000000010000
0001010000000000000000000000000100000100000000000001101000000000000000000001000001000100000010000000
0000000000000000010000000000000000000100000000000001000000001000000000000000000000100100000010000000
0001010010000000000000000000000000000100100000000001100000000000000000000000000010000100000010000000
0000000000100000000000000000000000000100000000000001000000001010000000000000000000000100100010000100
1001010000000000000000000000000000000100000000000001100000000000000110000000000010010100000010000000
0000000000100000000000010000000000000100000000000001000000001000000000000000000000000100000010000000
0000100000100000000000000000000000000100000000000001000000001010000000000000000000000100100010000100
0000000000100000000000000000000000010100000000000001000000001000000000000000000000000100000010000000
0100000000100000000000000000000000000100000000000001000000001010000000000000000000000100100010000100
0000000000100000001000000000000000000100000000000001000000001010000000000000000000000101000010000100
0000000000100000000000000000000000010100000000000001000000001000000000000000000000000100000010000000
0000000000000011000001000010000000000110000000000001000000001000000000000000000000000100000010000000
0000000001000100000100000101000000100000000100000000010000010000011000000100000000000010000000000000
0000100000100000000000000000000000000100000000000001000000001010000000000000000000000100100010000100
0000001000000000000000000000000000000001001000000000000000000000000000001000000000001000000000000010
0000000000000000000000000000000000000100010000000101000000001000000000010000000000000100000010000000
0000000000000000010000000000000000000100000000000001000000001000000000000000000100100100000010000000
0000000100100000000000000000000000000100000000000001000000001010000000000000000000000100100010000100
0000000000100000000000000000000000000100000000000001000000001010000000000000000000000100100010000100
0001010010000000000000000000000000000100100000000001100000000000000000000000000010000100000010000000
0000001000000000000000000000000000000001001000000000000000000000000000001000000000001000000000000010
0000000001000100000100000101001000100000000100000010000000010000011000000100000000000010000000010000
0000000000000000010000000000000000000100000000000001000000001000000000000000000000100100000010000000
1001010000000000000000000000000000000100000000000001100000000000000100000000000010010100000010000000
0000000000100000000000010000000000000100000000000001000000001000000000000000000000000100000010000000
0000000000000000000000000000100000000001000000100000000000000100100000001000000000001000000000000010
1001010000000000000000000000000000000100000000000001100000000000000100000000000010010100000010000000
0000000001000100000100000101000000100000000100000000010000010000011000000100000000000010000000000000
0000000000100000000000000000000000010100000000000001000000101000000000000000000000000100000010000000
0000000100100000000000000000000000000100000000000001000000001010000000000000000000000100100010000100
0000000000100000000000000000000000000100000000000001000000001000000000000000000000000100000010000000
0001010000000000000000000000000100000100000000000001100000000000000000000001000000000100000010000000
0000000001000100000100000101000000100000000100000000010000010000011000000100000000000010000000000000
0000000000100000000000000000000000010100000000000001000000001000000000000000000000000100000010000000
0000000000000000000000000000000000000100010000000101000000001000000000010000000000000100000010000000
0000000000000000010000000000000000000100000000000001000000001000000000000000000000100100010010000000
1001010000000000000000000000000000000100000000000001100000000000000100000000000010010100000010000000
0000000000101000000000000000000000000100000000000001000000001000000000000000000000000100000010000000
0001010000000000000000000000000000000100000000000001100010000000000000000000001010000100000110000000
0001010000000000000000000000000000000100000000000001100000000000000000000000001010000100000010000000
0001010000000000000000000000000100000100000000000001100001000000000000000001000000000100000010000000
0000000000100000000000000000000000000100000000000001000000001000000000000000000000000100000010000000
0000000000100000000000000000000000000100000000000001000000001000000000000000000000000100000010000000
0001010010000000000000000000000000000100100000000001100000000000000000000000000010000100000010000000
0000000000100000000000000000000000000100000000000001000000001010000000000000000000000100100010000100
0001010000000000000000000000000000000100000000000001100000000000000000000000000010000100000010000000
0000000000100000000000000000000000000100000000000001000000001010000000000000000000000100100010000100
0000000000000000000000000000000000000100010000000101000000001000000000010000000000000100000010000000
0000000001000100000100000101000000100000000100000010000000010000011000000100000000000010000000010000
0000000000000000010000000000000000000100000000000001000000001000000000000000000000100100000010000000
0000000000100000000000000000000000000100000000000001000000001010000000000000000000000100100010000100
0000000000100000000000000000000010000100000000000001000000001010000000000000000000000100000010000100
0000000000000011000001000010000000000100000000000001000000001000000000000000000000000100000010000000
0000000000100000000000000000000000000100000000000001000000001010000000000000000000000100100010000100
0000000000000000010000000000000000000100000000000001000000001000000000000000000000100100000010000000
0001010000000000000000000000000100000100000000000001100000000000000000000001000001000100000010000000
0000000000000000000000000000000000000100010000000101000000001000000000010000000000000100000010000000
0000000000100000000000000000000000000100000000000001000000001010000000000000000000000100100010000100
0000000000100000000000000000000000000100000000000001000000001010000000000000000000000100100010000100
0000000000000011000001000010000000000110000000000001000000001000000000000000000000000100000010000000
0000000001000100000100000101000000100000000100000000010000010000011000000100000000000010000000000000
0001010000000000000000000000000100000100000000000001101000000000000000000001000001000100000010000000
0001010000000000000000000000000100000100000000000001100001000000000000000001000000000100000010000000
0000000000000000000000000000000000000100010000000101000000001000000000010000000000000100000010000000
0000000000100000000000000000000000000100000000000001000000001010000000000000000000000100100010000100
0000000000000000010000000000000000000100000000000001000000001000000000000000000000100100000010000000
0000000000000011000001000010000000000100000000000001000000001000000000000000000000000100000010000000
0001010010000000000000000000000000000100100000000001100000000000000000000000000010000100000010000000
0000000000100000001000000000000000000100000000000001000000001010000000000000000000000101000010000100
0001010000000000000000000000000100000100000000000001100000000000000000000001000000000100000010000000
0000100000100000000000000000000000000100000000000001000000001010000000000000000000000100100010000100
0000000000000000010000000000000000000100000000000001000000001000000000000000000100100100000010000000
0000000000100000000000000000000000000100000000000001000000001010000000000000000000000100100010000100
0000000000100000001000000000000000000100000000000001000000001010000000000000000000000101000010000100
0000100000100000000000000000000000000100000000000001000000001010000000000000000000000100100010000100
0000000000100000000000000000000000000100000000000001000000001010000000000000000000000100100010000100
0001010000000000000000000000000000000100000000000001100000000000000000000000000010000100000010000000
0000000000100000001000000000000000000100000000000001000000001010000000000000000000000101000010000100
0001010000000000000000000000000000000100000000000001100000000000000000000000001010000100000010000000
0000000000000000000000001000000000000001000000000000000000000000000000001000100000001000000000000010
0000000000100000000000000000000000000100000000000001000000001010000000000000000000000100100010000100
0000000000100000000000000000000000000100000000000001000000001010000000000000000000000100100010000100
0000000000100000000000000000000000000100000000000001000000001010000000000000000000000100100010000100
0001010000000000000000000000000100000100000000000001100001000000000000000001000000000100000010000000
0001010000000000000000000000000100000100000000000001100000000000000000000001000000000100000010000000
0000000000000000000000000000000000000100010000000101000000001000000000010000000000000100000010000000
0000000000100000001000000000000000000100000000000001000000001010000000000000000000000101000010000100
0000000000000000010000000000000000000100000000000001000000001000000000000000000000100100000010000000
0000000000100000001000000000000000000100000000000001000000001010000000000000000000000101000010000100
0000000000000000000000000000000000000100010000000101000000001000000000010000000000000100000010000000
0000000000100000000000000000000000010100000000000001000000001000000000000000000000000100000010000000
0000000000100000000000000000000000010100000000000001000000001001000000000000000000000100000010000001
0000000000100000000000000000000000010100000000000001000000001000000000000000000000000100000010000000
0000000000000000000000000000000000000100010000000101000000001000000000010000000000000100000010000000
0000000001000100000100000101000000100000000100000010000000010000011000000100000000000010000000010000
0000000001000100000100000101000000100000000100000010000000010000011000000100000000000010000000010000
0000000000000011000001000010000000000100000000000001000000001000000000000000000000000100000010000000
0000000000100000000000000000000000000100000000000001000000001010000000000000000000000100100010000100
0000000000100000001000000000000000000100000000000001000000001010000000000000000000000101000010000100
0000001000000000000000000000000000000001001000000000000000000000000000001000000000001000000000000010
0000000000000011000001000010000000000110000000000001000000001000000000000000000000000100000010000000
0000000000100000000000000000000000000100000000000001000000001010000000000000000000000100100010000100
0000000000100000000000000000000000000100000000000001000000001010000000000000000000000100100010000100
0000000000100000000000000000000000000100000000000001000000001010000000000000000000000100100010000100
0000000000000011000001000010000000000110000000000001000000001000000000000000000000000100000010000000
0000000000000000010000000000000000000100000000000001000000001000000000000000000000100100000010000000
0000000000100000000000000000000000000100000000000001000000001010000000000000000000000100100010000100
0000000000100000000000000000000010000100000000000001000000001010000000000000000000000100000010000100
0001010010000000000000000000000001000100100000000001100000000000000000000000000010000100000010000000
0000000001000100000100000101001000100000000100000010000000010000011000000100000000000010000000010000
0000000000100000001000000000000000000100000000000001000000001010000000000000000000000101000010000100
0000000000000011000001000010000000000110000000000001000000001000000000000000000000000100000010000000
0000000000000011000001000010000000000100000000000001000000001000000000000000000000000100000010000000
0000000000000011000011000010000000000100000000000001000000001000000000000000000000000100000010000000
0001010010000000000000000000000000000100100000000001100000000000000000000000000010000100000010000000
0000000000100000000000000000000000010100000000000001000000001001000000000000000000000100000010000001
0000000000100000000000000000000000000100000000000001000000001000000000000000000000000100000010000000
0000000001010100000100000101000000100000000100000000010000010000011000000100000000000010000000000000
0000000000000011000001000010000000000100000000000001000000001000000000000000000000000100000010000000
0000000000100000000000000000000000000100000000000001000000001010000000000000000000000100100010000100
0000000000100000000000000000000000000100000000000001000000001010000001000000000000000100100010000100
0000000000000011000011100010000000001100000000000001000000001000000000000000000000000100000010000000
0000001000000000000000000000000000000001001000000000000000000000000000001000000000001000000000000010
0001010010000000000000000000000000000100100000000001100000000000000000000000000010000100000010000000
0001010000000000000000000000000000000100000000000001100000000000000000000000001010000100000010000000
0000000000000011000001000010000000000100000000000001000000001000000000000000000000000100000010000000
0000000000000011000001000010000000000110000000000001000000001000000000000000000000000100000010000000
0000000000100000000000000000000000000100000000000001000000001010000000000000000000000100100010000100
0000000000000011000001000010000000000100000000000001000000001000000000000000000000000100000010000000
0001010000000000000000000000000000000100000000010001100000000000000100000000000010010100000010000000
0000001000000000000000000000000000000001001000000000000000000000000000001000000000001000000000000010
0000000000000011000001000010000000000100000000000001000000001000000000000000000000000100000010000000
0001010000000000000000000000000000000100000000000001100000000000000000000000001010000100000011000000
0000000000100000000000000000000000000100000000000001000000001010000000000000000000000100100010000100
0000000001000100000100000101000000100000000100000000010000010000011000000100000000000010000000000000
0000000000100000000000010000000000000100000000000001000000001000000000000000000000000100000010000000
0001010010000000000000000000000000000100100000000001100000000000000000000000000010000100000010000000
0000000000100000000000000000000000000100000000000001000000001010000000000000000000000100100010000100
0000000000100000000000000000000000000100000000000001000000001010000000000000000000000100100010000100
0001010010000000000000000000000000000100100000000001100000000000000000000000000010000100000010000000
0000001000000000000000000000000000000001001000000000000000000000000000001000000000001000000000000010
0001010000000000000000000000000000000100000000000001100000000000000000000000000010000100000010000000
0000000000100000000000000000000000000100000000000001000000001010000000000000000000000100100010000100
0001010010000000000000000000000000000100100000000001100000000000000000000000000010000100000010000000
0000000000100000000000000000000000000100000000000001000000001010000000000000000000000100100010000100
0000000000100000000000000000000000000100000000000001000000001010000000000000000000000100100010000100
0000000100100000000000000000000000000100000000000001000000001010000000000000000000000100100010000100
0001010010000000000000000000000000000100100000000001100000000000000000000000000010000100000010000000
0001010000000000000000000000000100000100000001000001100000000000000000000001000000000100000010000000
0000000000000011000001000010000000000100000000000001000000001000000000000000000000000100000010000000
0001010010000000000000000000000000000100100000000001100000000000000000000000000010000100000010000000
0000000000000011000001000010000000000100000000000001000000001000000000000000000000000100000010000000
0001010000000000000000000000000000000100000000010001100000000000000100000000000010010100000010000000
0000000001000100000100000101001000100000000100000010000000010000011000000100000000000010000000010000
0000000000100000000000000000000000010100000000000001000000001001000000000000000000000100000010000001
0000000000000011000001000010000000000100000000000001000000001000000000000000000000000100000010000000
0001010000000000000000000000000000000100000000000001100000000000000000000000000010000100000010000000
0000000000100000000000000000000000010100000000000001000000001001000000000000000000000100000010000001
0000000000100000000000000000000000000100000000000001000000001010000000000000000000000100100010000100
0001010000000000000000000000000000000100000000000001100010000000000000000000001010000100000110000000
0000000000000011000001000010000000000110000000000001000000001000000000000000000000000100000010000000
0000000000100000000000000000000000000100000000000001000000001010000000000000000000000100100010000100
0000000000100000000000000000000000000100000000000001000000001010000000000000000000000100100010000100
0000100000100000000000000000000000000100000000000001000000001010000000000000000000000100100010000100
0000000001000100000100000101000000100000000100000000010000010000011000000100000000000010000000100000
0000000000000000000000000000000000000100010000000101000000001000000000010000000000000100000010000000
0000000000100000000000000000000000000100000000000001000000001010000000000000000000000100100010000100
0000000000100000000000000000000000000100000000000001000100001000000000000000000000000100000010000000
0000000000100000000000000000000000010100000000000001000000001000000000000000000000000100000010000000
0000000001010100000100000101000000100000000100000000010000010000011000000100000000000010000000000000
0001010000000000000000000000000100000100000000000001100000000000000000000001000000000100000010000000
0000000000000011000011100010000000001100000000000001000000001000000000000000000000000100000010000000
0000000000100000000000000000000000000100000000000001000000001010000000000000000000000100100010000100
0000000000100000000000000000000000000100000000000001000000001010000000000000000000000100100010000100
0000000000000000010000000000000000000100000000000001000000001000000000000000000100100100000010000000
0000000000100000000000000000000000000100000000000001000000001010000000000000000000000100100010000100
0000000000100000000000000000000000000100000000000001000100001000000000000000000000000100000010000000
0000000000000011000011100010000000001100000000000001000000001000000000000000000000000100000010000000
0000000000100000000000010000000000000100000000000001000000001000000000000000000000000100000010000000
0001010000000000000000000000000000000100000000000001100000000000000000000000001010000100000010000000
0000000000100000001000000000000000000100000000000001000000001010000000000000000000000101000010000100
0000000000000011000011000010000000000100000000000001000000001000000000000000000000000100000010000000
0000000000100000000000000000000000000100000000000001000000001010000000000000000000000100000010000100
0000000000100000000000010000000000000100000000000001000000001000000000000000000000000100000010000000
0001010000000000000000000000000000000100000000000001100000000000000000000000001010000100000011000000
0000000000000000010000000000000000000100000000000001000000001000000000000000000000100100000010000000
0000000000100000000000000000000000000100000000000001000000001010000000000000000000000100100010000100
0000000000000011000011000010000000000100000000000001000000001000000000000000000000000100000010000000
0000000000100000000000000000000000000100000000000001000000001010000000000000000000000100100010000100
0000000000100000000000000000000000000100000000000001000000001010000000000000000000000100100010000100
0000000000000000000000000000000000000100010000000101000000001000000000010000000000000100000010000000
0000000000000000000000000000000000000100010000000101000000001000000000010000000000000100000010000000
0000000000000011000001000010000000000100000000000001000000001000000000000000000000000100000010000000
0001010000000000000000000000000000000100000000010001100000000000000100000000000010010100000010000000
0000000000000000010000000000000000000100000000000001000000001000000000000000000000100100000010000000
0000000000000000000000000000000000000100010000000101000000001000000000010000000000000100000010000000
0000000000100000000000000000000000000100000000000001000000001010000000000000000000000100100010000100
0000000000000000010000000000000000000100000000000001000000001000000000000000000000100100000010000000
0000000000000000000000000000000000000100010000000101000000001000000000010000000000000100000010000000
0000000000000000000000000000000000000100010000000101000000001000000000010000000000000100000010000000
0000000000100000000000000000000000000100000000000001000000001010000000000000000000000100100010000100
0000000000100000000000000000000010000100000000000001000000001010000000000000000000000100000010000100
0000000000100000000000000000000000000100000000000001000000001010000000000000000000000100100010000100
0001010000000000000000000000000000000100000000000001100000000000000000000000000010000100000010000000
0000000000100000000000000000000000000100000000000001000100001000000000000000000000000100000010000000
0001010010000000000000000000000000000100100000000001100000000000000000000000000010000100000010000000
0000000000000000000000000000000000000100010000000101000000001000000000010000000000000100000010000000
0001010000000000000000000000000000000100000000010001100000000000000100000000000010010100000010000000
0000000000100000001000000000000000000100000000000001000000001010000000000000000000000101000010000100
0000000000000000010000000000000000000100000000000001000000001000000000000000000000100100000010000000
0001010000000000000000000000000000000100000000000001100000000000000000000000001010000100000010000000
0000000000100000000000000000000000010100000000000001000000001001000000000000000000000100000010000001
0001010000000000000000000000000000000100000000000001100000000000000000000000000010000100000010000000
0000000001000100000100000101000000100000000100000000010000010000011000000100000000000010000000000000
1001010000000000000000000000000000000100000000000001100000000000000100000000000010010100000010000000
0000001000000000000000000000000000000001001000000000000000000000000000001000000000001000000000000010
0001010010000000000000000000000000000100100000000001100000000000000000000000000010000100000010000000
0000000000100000000000000000000000010100000000000001000000101000000000000000000000000100000010000000
0000000000100000000000000000000000000100000000000001000100001000000000000000000000000100000010000000
0000001000000000000000000000000000000001001000000000000000000000000000001000000000001000000000000010
0000000000000000010000000000000000000100000000000001000000001000000000000000000000100100000010000000
0000000000100000000000000000000000000100000000000001000000001010000000000000000000000100100010000100
0001010000000000000000000000000100000100000001000001100000000000000000000001000000000100000010000000
0000000001000100000100000101000000100000000100000000010000010000011000000100000000000010000000000000
0000000000000000000000000000000000000100010000000101000000001000000000010000000000000100000010000000
0000000000000000000000000000100000000001000000100000000000000100100000001000000000001000000000000010
0000000000000000000000000000000000000100010000000101000000001000000000010000000000000100000010000000
0000000000100000000000010000000000000100000000000001000000001000000000000000000000000100000010000000
0000000000100000000000000000000000000100000000000001000000001010000000000000000000000100100010000100
0000000000100000000000010000000000000100000000000001000000001000000000000000000000000100000010000000
0001010000000000000000000000000100000100000000000001100000000000000000000001000001000100000010000000
0000000000100000000000000000000000000100000000000001000000001010000000000000000000000100100010000100
0000000000100000000000000000000000000100000000000001000000001010000000000000000000000100100010000100
0000000000100000000000000000000000000100000000000001000000001010000000000000000000000100100010000100
0000000000100000000000000000000000000100000010000001000000001010000000000000000000000100100010000100
0000000001000100000100000101000000100000000100000010000000010000011000000100000000000010000000010000
0000000000100000000000000000000000000100000000001001000000001010000000000000000000000100100010000100
0001010000000000000000000000000100000100000000000001100000000000000000000001000000000100000010000000
0000000000100000001000000000000000000100000000000001000000001010000000000000000000000101000010000100
0000000000100000000000000000000000000100000000000001000100001000000000000000010000000100000010000000
0000000000100000000000000000000000000100000000000001000000001010000000000000000000000100100010000100
0000001000000000000000000000000000000001001000000000000000000000000000001000000000001000000000000010
0000000000100000001000000000000000000100000000000001000000001010000000000000000000000101000010000100
0000000000000000000000000000000000000001000000000000000000000000000000001000000000001000001000000010
0000000000100000000000000000000000010100000000000001000000001001000000000000000000000100000010000001
0001010000000000000000000000000000000100000000000001100000000000000000000000001010000100000010000000
0000100000100000000000000000000000000100000000000001000000001010000000000000000000000100100010000100
0000000000100000000000000000000000000100000000000001000000001010000000000000000000000100100010000100
0000000000100000000000000000000000000100000000000001000000001010000000000000000000000100100010000100
0000000000100000000000000000000000000100000000000001000000001010000000000000000000000100100010000100
0000000100100000000000000000000000000100000000000001000000001010000000000000000000000100100010000100
0000000000100000000000000000000000000100000000001001000000001010000000000000000000000100100010000100
0000000000100000000000000000000000000100000000000001000000001010000000000000000000000100100010000100
0000000000000011000011000010000000000100000000000001000000001000000000000000000000000100000010000000
0000000000000000000000000000000000000100010000000101000000001000000000010000000000000100000010000000
0000000000100000000000000000000000010100000000000001000000001000000000000000000000000100000010000000
0001010010000000000000000000000000000100100000000001100000000000000000000000000010000100000010000000
0000000000100000000000000000000000010100000000000001000000001001000000000000000000000100000010000001
0000000000000011000011000010000000000100000000000001000000001000000000000000000000000100000010000000
0000000000100000000000000000000000000100000000000001000000001000000000000000000000000100000010000000
0000000000100000000000010000000000000100000000000001000000001000000000000000000000000100000010000000
0000000000100000000000010000000000000100000000000001000000001000000000000000000000000100000010000000
0000000000100000000000000000000000010100000000000001000000001001000000000000000000000100000010000001
0000001000000000000000000000000000000001001000000000000000000000000000001000000000001000000000000010
0000000000000011000011100010000000001100000000000001000000001000000000000000000000000100000010000000
0000000000100000000000000000000000000100000000000001000000001010000000000000000000000100100010000100
0001010000000000000000000000000000000100000000000001100000000000000100100000000010010100000010000000
0000000000000000000000000000000000000100010000000101000000001000000000010000000000000100000010000000
0001010010000000000000000000000001000100100000000001100000000000000000000000000010000100000010000000
0000000000100000000000000000000000010100000000000001000000001001000000000000000000000100000010000001
0000000000100000001000000000000000000100000000000001000000001010000000000000000000000101000010000100
0000000000100000001000000000000000000100000000000001000000001010000000000000000000000101000010001100
0000001000000000000000000000000000000001001000000000000000000000000000001000000000001000000000000010
0000000001000100000100000101000000100000000100000000010000010000011000000100000000000010000000000000
0000000000100000000000000000000000000100000000000001000000001010000000000000000000000100100010000100
0000000000100000000000000000000000000100000000000001000000001010000000000000000000000100100010000100
0000000001000100000100000101000000100000000100000000010000010000011000000100000000000010000000000000
0000000000000000000000000000000000000100010000000101000000001000000000010000000000000100000010000000
0000000000100000000000000000000000000100000000000001000000001010000000000000000000000100100010000100
0000000000000000000000000000000000000001000000000000000000000000000000001000000000001000000000000010
0000000000000000010000000000000000000100000000000001000000001000000000000000000100100100000010000000
0001010010000000000000000000000000000100100000000001100000000000000000000000000010000100000010000000
0000000000000000000000000000000000000100010000000101000000001000000000010000000000000100000010000000
0000000001000100000100000101000000100000000100000000010000010000011000000100000000000010000000000000
0000100000100000000000000000000000000100000000000001000000001010000000000000000000000100100010000100
0000000000000000010000000000000000000100000000000001000000001000000000000000000000100100000010000000
0001010000000000000000000000000000000100000000000001100000000000000000000000001010000100000011000000
0000000000100000000000000000000000000100000000000001000000001010000000000000000000000100100010000100
0000000000000011000011000010000000000100000000000001000000001000000000000000000000000100000010000000
0000000000000000000000000000000000000100010000000101000000001000000000010000000000000100000010000000
0000000000000011000001000010000000000100000000000001000000001000000000000000000000000100000010000000
0000000000100000000000000000000000010100000000000001000000001000000000000000000000000100000010000000
0000000000000011000001000010000000000100000000000001000000001000000000000000000000000100000010000000
0001010000000000000000000000000100000100000000000001100000000000000000000001000001000100000010000000
0000000000000000010000000000000000000100000000000001000000001000000000000000000000100100010010000000
0001010000000000000000000000000000000100000000010001100000000000000100000000000010010100000010000000
0001010000000000000000000000000000000100000000000001100010000000000000000000001010000100000110000000
0000000000100000000000010000000000000100000000000001000000001000000000000000000000000100000010000000
0000000001000100000100000101001000100000000100000010000000010000011000000100000000000010000000010000
0000000000000011000001000010000000000100000000000001000000001000000000000000000000000100000010000000
0000000000000000000000000000000000000100010000000101000000001000000000010000000000000100000010000000
0000000000100000000000000000000000010100000000000001000000001001000000000000000000000100000010000001
0000000000100000000000010000000000000100000000000001000000001000000000000000000000000100000010000000
0000000001000100000100000101000000100000000100000000010000010000011000000100000000000010000000000000
0000000000000011000011000010000000000100000000000001000000001000000000000000000000000100000010000000
0001010010000000000000000000000000000100100000000001100000000000000000000000000010000100000010000000
0000100000100000000000000000000000000100000000000001000000001010000000000000000000000100100010000100
0000000000100000000000010000000000000100000000000001000000001000000000000000000000000100000010000000
0001010000000000000000000000000000000100000000000001100000000000000000000000001010000100000011000000
0000000000000000000000000000000000000100010000000101000000001000000000010000000000000100000010000000
0000000000100000000000010000000000000100000000000001000000001000000000000000000000000100000010000000
0000000000100000000000000000000000000100000000000001000100001000000000000000000000000100000010000000
0000000000000000000000000000000000000100010000000101000000001000000000010000000000000100000010000000
0000000000000011000011000010000000000100000000000001000000001000000000000000000000000100000010000000
0000000000100000000000000000000000000100000000001001000000001010000000000000000000000100100010000100
0000000000000000000000000000000000000100010000000101000000001000000000010000000000000100000010000000
0000000000100000000000000000000000000100000000000001000100001000000000000000000000000100000010000000
0000001000000000000000000000000000000001001000000000000000000000000000001000000000001000000000000010
0000000000100000000000000000010000000100000000000001000000001010000000000010000000000100100010000100
0000000000100000000000000000000000000100000000000001000000001010000000000000000000000100100010000100
0000000000000011000001000010000000000100000000000001000000001000000000000000000000000100000010000000
0000000000000011000001000010000000000100000000000001000000001000000000000000000000000100000010000000
0000000000100000000000000000000000000100000000000001000000001010000000000000000000000100000010000100
0000000000100000000000000000000000010100000000000001000000001001000000000000000000000100000010000001
0000000000100000000000000000000000000100000000000001000000001010000000000000000000000100100010000100
0000000001000100000100000101000000100000000100000000010000010000011000000100000000000010000000000000
0001010000000000000000000000000000000100000000000001100000000000000000000000001010000100000110000000
0000000000100000000000000000000000000100000000000001000100001000000000000000000000000100000010000000
0000000001000100000100000101000000100000000100000000010000010000011000000100000000000010000000000000
0000000000000000000000000000000000000100010000000101000000001000000000010000000000000100000010000000
0001010000000000000000000000000100000100000000000001100000000000000000000001000000000100000010000000
0000000000100000000000000000000000000100000000000001000000001010000000000000000000000100100010000100
0000000000100000000000000000000000010100000000000001000000101000000000000000000000000100000010000000
0000000001000100000100000101001000100000000100000010000000010000011000000100000000000010000000010000
0000000000100000000000010000000000000100000000000001000000001000000000000000000000000100000010000000
0000000000100000000000000000000000000100000000000001000000001010000000000000000000000100100010000100
0001010000000000000000000000000100000100000000000001100000000000000000000001000000000100000010000000
0000000000100000000000000000000000000100000000000001000100001000000000000000000000000100000010000000
0000001000000000000000000000000000000001001000000000000000000000000000001000000000001000000000000010
0000000000100000000000000000000000000100000000000001000000001010000000000000000000000100000010000100
0000001000000000000000000000000000000001001000000000000000000000000000001000000000001000000000000010
0000000000100000000000000000000000010100000000000001000000001000000000000000000000000100000010000000
0000000000100000000000000000000000000100000000000001000000001010000000000000000000000100100010000100
0000000001000100000100000101000000100000000100000000010000010000011000000100000000000010000000000000
0001010010000000000000000000000000000100100000000001100000000000000000000000000010000100000010000000
0000000000000000000000001000000000000001000000000000000000000000000000001000000000001000000000000010
0000000000100000000000000000000000000100000000000001000000001010000000000010000000000100100010000100
0000000001000100000100000101000000100000000100000000010000010000011000000100000000000010000000000000
0000001000000000000000000000000000000001001000000000000000000000000000001000000000001000000000000010
0001010010000000000000000000000000000100100000000001100000000000000000000000000010000100000010000000
0000001000000000000000000000000000000001001000000000000000000000000000001000000000001000000000000010
0001010000000000000000000000000000000100000000010001100000000000000100000000000010010100000010000000
0001010000000000000000000000000000000100000000000001100010000000000000000000001010000100000110000000
0000000000000011100001000010000000000100000000000001000000001000000000000000000000000100000010000000
0000000000000000010000000000000000000100000000000001000000001000000000000000000100100100000010000000
0000000000000000000000000000000000000001000000000000000000000000000000001000000000001000001000000010
0000000000000000010000000000000000000100000000000001000000001000000000000000000000100100000010000000
0000000000000011000001000010000000000100000000000001000000001000000000000000000000000100000010000000
0000000000100000000000010000000000000100000000000001000000001000000000000000000000000100000010000000
0000000000100000000000010000000000000100000000000001000000001000000000000000000000000100000010000000
0000000000100000000000000000000000000100000000000001000000001010000000000010000000000100100010000100
0000000000000011000011000010000000000100000000000001000000001000000000000000000000000100000010000000
0000000000100000000000000000000000000100000000000001000000001010000000000000000000000100100010000100
0000000000100000000000010000000000000100000000000001000000001000000000000000000000000100000010000000
0000100000100000000000000000000000000100000000000001000000001010000000000000000000000100100010000100
0001010000000000000000000000000000000100000000010001100000000000000100000000000010010100000010000000
0000000000100000000000000000000000010100000000000001000000001000000000000000000000000100000010000000
0000001000000000000000000000000000000001001000000000000000000000000000001000000000001000000000000010
0000000001000100000100000101000000100000000100000010000000010000011000000100000000000010000000010000
0000000000000011000001000010000000000100000000000001000000001000000000000000000000000100000010000000
0000000000000000000000000000000000000100010000000101000000001000000000010000000000000100000010000000
0001010010000000000000000000000000000100100000000001100000000000000000000000000010000100000010000000
0001010000000000000000000000000000000100000000000001100010000000000000000000001010000100000110000000
0010000000000000000000000000000000000001000000100000000000000000000000001000000000001000000000000010
0000000000100000001000000000000000000100000000000001000000001010000000000000000000000101000010000100
0000000000100000000000000000000000000100000000000001000000001010000000000000000000000100100010000100
0000000000100000000000000000000000000100000000000001000000001010000000000000000000000100000010000100
0000000000100000000000010000000000000100000000000001000000001000000000000000000000000100000010000000
0000001000000000000000000000000000000001001000000000000000000000000000001000000000001000000000000010
0000000000000011000011100010000000001100000000000001000000001000000000000000000000000100000010000000
0000100000100000000000000000000000000100000000000001000000001010000000000000000000000100100010000100
0000000000000011000001000010000000000110000000000001000000001000000000000000000000000100000010000000
0001010000000000000000000000000000000100000000000001100000000000000100100000000010010100000010000000
0000000000000011000011000010000000000100000000000001000000001000000000000000000000000100000010000000
0000001000000000000000000000000000000001001000000000000000000000000000001000000000001000000000000010
0000000000100000001000000000000000000100000000000001000000001010000000000000000000000101000010000100
0000100000100000000000000000000000000100000000000001000000001010000000000000000000000100100010000100
1001010000000000000000000000000000000100000000000001100000000000000100000000000010010100000010000000
0000000000000000000000000000000000000100010000000101000000001000000000010000000000000100000010000000
0000000001000100000100000101000000100000000100000000010000010000011000000100000000000010000000000000
0000000000100000000000000000000000000100000000000001000000001010000000000000000000000100100010000100
0000000001000100000100000101000000100000000100000000010000010000011000000100000000000010000000000000
0000000000000011000001000010000000000100000000000001000000001000000000000000000000000100000010000000
0000001000000000000000000000000000000001001000000000000000000000000000001000000000001000000000000010
0000000000100000001000000000000000000100000000000001000000001010000000000000000000000101000010000100
0000000000000011000001000010000000000100000000000001000000001000000000000000000000000100000010000000
0000000000100000000000000000000000000100000000000001000000001010000000000000000000000100100010000100
0000000000100000000000000000000000000100000000000001000000001010000000000000000000000100100010000100
0000000000100000000000000000000000000100000000000001000000001010000000000000000000000100000010000100
0000000000000000000000000000000000000100010000000101000000001000000000010000000000000100000010000000
0000000000000000000000000000100000000001000000100000000000000100100000001000000000001000000000000010
