./ms 500 1 -t 5 -s 100 
22562 37518 58948

//
prob: 2.87146e-26
segsites: 100
positions: 0.0270 0.0317 0.0317 0.0592 0.0872 0.0899 0.0905 0.1081 0.1108 0.1118 0.1233 0.1325 0.1588 0.1747 0.1778 0.1922 0.1949 0.2035 0.2048 0.2090 0.2462 0.2529 0.2705 0.2716 0.2753 0.2780 0.2889 0.3027 0.3052 0.3069 0.3240 0.3271 0.3313 0.3348 0.3426 0.3446 0.3551 0.3632 0.3649 0.3842 0.3895 0.4090 0.4124 0.4127 0.4225 0.4286 0.4293 0.4576 0.4917 0.4929 0.4980 0.5029 0.5096 0.5138 0.5279 0.5303 0.5420 0.5434 0.5538 0.5557 0.5610 0.5620 0.5656 0.6016 0.6054 0.6088 0.6406 0.6449 0.6492 0.6511 0.6533 0.6598 0.6711 0.6728 0.7160 0.7300 0.7324 0.7507 0.7770 0.7788 0.7942 0.7967 0.8035 0.8047 0.8427 0.8490 0.8529 0.8640 0.8750 0.8790 0.8792 0.8817 0.8865 0.9101 0.9183 0.9413 0.9417 0.9591 0.9684 0.9953 
0000001100001000000000000100000001000000000000000000100000000100000010000000000000011000000010000000
0001000100100000000000000000000000000000000000000000000000000000000000000000000000011000000010000000
0100000001000010000000001000000000000110000000000001000000000001000000000000000000100000000000000001
0000001100001000000000000100000001000000000000000000100000001100000010000000000000011000000010000000
0000100000010010000010001000001000000110000000100100000000000001000000000000000000000100000001000000
0001000100100000000000000000000000000000000010000000000000000000000000000000000000011000000010000000
1000000100000000000000100000000000010000000001000000001001000000000000000000000000010000000000000000
0000000000010010100010001000001000000110000000000100000000000001000000000000000000000100000001000000
0000000000010010100010001000001000000110000000000100000000000001000000000000000000000100000001000000
0001000100100000000001000010000000000000000000000000000000000000000000000000000000011000000010000000
0000000000010011100010001000001000000110000000010100000000000001000000000000000000000101000001000000
0001000100100000000000000000000000000000000010000000000000000000000000000000000000011000000010000000
0100000001000010000000001000000000000110000000000001000000000001000000000000000000000000000000000001
0000000000010011100010001000001000000110000000010100000000000001000000000000000000000100000001000000
0100000011000010000000001000000000000110000000000001000000000001000000000000000000000000000000000001
1000000100000000000000100000000000010000000001000000000001000000000000000000000000010000000000000000
0001000100100000000000000000000000000000000010000000000000000000000000000000000000011000000010000000
0000000000010010100010001000001000000110000000010100000000000001000000000000000000000100000001000000
0001000100100000000101000010000000000000000000000000000000000000000000000000000000011000000010000000
0000100000010010000010001000001000000110000000100100000010000001000000000000000000000100000001000000
1000000100000000000000100000000000010000100001000000000001000000000000000000100000010000000000000000
0001000100100000000000000000000000000000000000000000000000000000000000000000000000011000000010000000
0100000001000010000000001000000000000110000000000001000000000001000000000000000000000000000000000001
0100000001000010000000001000000000000110000000000001000000000001000000000000000000000000000000000001
1000000100000000000000100000000000010000100001001000000001000000000000000000100000010000000000000000
0100000011000010000000001000000000000110000000000001000000000001000000000000000000000000000000000001
0000100000010010000010001000001000000110000000100100000000000001000001000000000000000100000001000000
0100000001000010000000001000000000000110000000000001000000000001000000000000000000000000000000000001
0100000001000010000000001000000000000110000000000001000000000001000000000000000000000000000000000001
0100000001000010000000001000000000000110000000000001000000000001000000000000000000000000000000000001
1000000100000000000000100000000000010000100001000000000001000000000000000000100000010000000000000000
1000000100000000000000100000000000010000000001000000010001000000000000000001000000010000000000000010
0001000100100000000000000000000000000000000100000000000000000000000000000000000000011000000010000000
0100000001000010000000001000000000000110000000000001000000000001000000000000000000000000000000000001
0001000100100000000000000000000000000000000000000000000000000000000000000000010000011000000010000000
1000000100000000000000100000000000010000000001000000010001000000000000000001000000010000000000000010
1000000100000000000000100000000000010000100001000000000001000000000000000000100000010000000000000000
1000000100000000000000100000000000010000000001000000000001000000000000000000000000010000000000000010
0001000100100000000000000000000000000000000000000000000000000000000000000000000000011000000010000000
0000000000010010100010001000001000000110000000000100000000000001000000000000000000000100000001000000
1000000100000000000000100000000000010000000001000000000001000000000000000000000000010000000000000010
0000000000010010100010001000001000000110000000000100000000000001000000000000000000000100000001000000
0000001100001000000000000100000001000000000000000000000000000000000010000000000000011000000010000000
0100000001000010000000001000000000000110000000000001000000000001000000000000000000000000000000000001
0000000000010011100010001000001000000110000000010100000000000001000000000000000000000100000001000000
0001000100100000000000000000000000000000000000000000000000000000100000000000000000011000000010000000
0100000011000010000000001000000000000110000000000001000000000001000000000000000000000000000000000001
0000000000010010100010001000001000000110000000000100000000100001000000000000000000000100000001010000
0000000000010010100010001000001000000110000000000100000000000001000000000000000000000100000001000000
1000000100000000000000100000000010010000100001000000000001000000000000000000100000010000000000000000
0000000000010010100010001000001000000110000000000100000000000001000000000000000000000100000001000000
0000001100001000000000000100000001000000000000000000000000000000000010000000000000011000000010000000
0100000001000010000000001000000000000110000000000001000000000001000000000000000000000000000000000001
0000000000010010100010001000001000000110000000000100000000000001000000000000000000000100000001000000
1000000100000000000000100000000000010000100001000000000001000000000000000000100000010000000000000000
0000000000010011100010001000001000000110000000010100000000000001000000000000000000000100000001000000
0100000001000010000000001000000000000110000000000001000000000001000000000000000000000000000000000001
1000000100000000000000100000000000010000000001000000000001000000000000000000000000010000000000000010
0000001100001000000000000100010001000000000000000000000000000000000010000000000000011000000010001000
0000000000010010100010001000001000000110000000000100000000100001000000000000000000000100000001010000
0100000001000010000000001000000000000111000000000001000000000001000000000000000000000000000000000001
0000000000010011100010001000001000000110000000010100000000000001000000000000000000000100000001000000
0000000000010010100010001000001000000110000000000100000000000001000000000000000000000100000001000000
0000100000010010000010001000001000000110000000100100000000000001000000000000000000000100000001000000
0000001100001000000000000100000001000000000000000000000000000000000010000000000000011000000010001000
0000000000010011100010001000001000000110000000010100000000000001000000000000000000000100000001000000
0100000001000010000000001000000000000110000000000001000000000001000000000000000000000000000000000001
0100000011000010000000001000000000000110000000000001000000000001000000000000000000000000000000000001
0100000011000010000000001000000000000110000000000001000000000001000000000000000000000000000000000001
0000100000010010000010001000001000000110000000100100000000000001000000000000000000000100000001000000
0001000100100000000000000000000000000000000000000000000000000000000000000000000000011000000010000000
0100000001000010000000001000000000000111000000000001000000000001000000000000000000000000000000000001
0000001100001000000000000100000001000000000000000000000000000000000010000000000000011000000010001000
0100000011000010000000001000000000000110000000000001000000000001000000000000000000000000000000000001
0001000100100000000001000010000000000000000000000000000000000000000000000000000000011000000010000000
0001000100100000000000000000000000000000000000000000000000000000000000000000010000011000000010000000
0100000001000010000000001000000000000110000000000001000000000001000000000000000000000000000000000001
0000001100001100001000000000000001000000001000000000000000000000000000001000000001011000101010000000
0100000001000010000000001000000000000111000000000001000000000001000000000000000000000000000000000001
1000000100000000000000100000000000010000100001001000000001000000000000000000100000010000000000000000
1000000100000000010000100000000000110000000001000000000001000000000000000000000000010000000000000000
0100000001000010000000001000000000000110000000000001000000000001000000000000000000000000000000000001
0000000000010010100010001000001000000110000000000100000000000001000000000000000000000100000001000000
1000000100000000000000100000000000010000000001000000000001000000000000000000000000010000000000000000
1000000100000000000000100000000000010000000001000000000001000000000000000000000000010000000000000000
1000000100000000000000100000000000010000000001000000000001000000000000000000000000010000000000000010
0000000000010010100010001000001000000110000000010100000000000001000000000000000000000100000001000000
0000000000010011100010001000001000000110000000010100000000000001010000000000000000000100000001000000
0001000100100000000000000000000000000000000000000000000000000000000000000000000000011000000010000000
1000000100000000000000100000000000010000000001000000000001000000000000000000000000010000000000000010
0100000001000010000000001000000000000110000000000001000000000001000000000000000000000000000000000001
0000001100001000000000000100000001000000000000000000100000000100000010000000000000011000000010000000
0000000000010011100010001000001000000110000000010100000000000001000000000000000100000100000001000000
0100000001000010000000001000000000000110000000000001000000000001000000000000000000000000000000000001
0000100000010010000010001000001000000110000000100100000000000001000000000000000000000100000001000000
0001000100100000000000000000000000000000000100000000000000000000000000000000000000011000000010000000
0001000100100000000000000000000000000000000000000000000000000000000000000000010000011000000010000000
0100000001000010000000001000000000000110000000000001000000000001000000000000000000000000000000000001
1000000100000000000000100000000000010000000001000000000001000000000000000000000000010000000000000000
0100000011000010000000001000000000000110000000000001000000000001000000000000000000000000000000000001
0001000100100000000000000000000000000000000000000000000000000000000000000000000000011000000010000000
0000000000010010100010001000001000000110000000000100000000000001000000000000000000000100000001000000
0000001100001000000000000100000001000000000000000000000000000000000010000000000000011000000010001000
0100000001000010000000001000000000000110000000000001000000000001000000000000000000000000000000000001
0100000001000010000000001000000000000110000000000001000000000001000000000000000000000000000000000001
0000000000010010100010001000001000000110000000010100000000000001000000000000000000000100000001000000
0100000001000010000000001000000000000110000000000001000000000001000000000000000000000000000100000001
1000000100000000000000100000000000010000000001000000000001000000000000000000000000010000000000000010
0000100000010010000010001000001000000110000000100100000000000001000000000000000000000100000001000000
1000000100000000000000100000000000010000000001000000000001000000000000000000000000010000000000000010
1000000100000000000000100000000000010000000001000000000001000000000000000000000000010000000000000010
0001000100100000000000000000000000000000000010000000000100000000000000000000000000011000000010000000
0100000001000010000000001000000000000110000000000001000000000001000000000000000000000000000000000001
1000000100000000000000100000000000010000000001000000000001000000000000000000000000010000000000000000
0100000011000010000000001000000000000110000000000001000000000001000000000000000000000000000000100001
0001000100100000000000000000000000000000000000000000000000000000000000000000000000011000000010000000
1000000100000000000000100000000000010000000001000000000001000000000000000000000000010000000000000100
0000100000010010000010001000001000000110000000100100000000000001000000000000000000000100000001000000
0000000000010010100010001000001000000110000000010100000000000001000000000000000000000100000001000000
0001000100100000000000000000000000000000000000000000000000000000000000000000010000011000000010000000
0100000011000010000000001000000100000110000000000001000000000001000000000000000000000000000000000001
0001000100100000000000000000000000000000000010000000000000000000000000000000000000011000000010000000
0001000100100000000000000000000000000000000000000000000000000000000000000000000000011000000010000000
0001000100100000000000000000000000000000000000000000000000000000000000000000000000011000000010000000
0100000001000010000000001000100000000110000000000001000000000001000000000000000000000000000000000001
1000000100000000000000100000000000010000100001001000000001000000000000000000100000010000000000000000
0000001100001000000000000100000001000000000000000000100000000100000010000000000000011000000010000000
0001000100100000000000000000000000000000000000000000000000000000000000000000010000011000000010000000
0000000000010010100010001000001000000110000000000100000000000001000000000000000000000100000001000000
0001000100100000000001000010000000000000000000000000000000000000000000000000000000011000000010000000
0000001100001100001000000000000001000000001000000000000000000000000000001000000001011000101010000000
0000100000010010000010001000001000000110000000100100000000000001000000000000000000000100000001000000
0100000001000010000000001000000000000110000000000001000000000001000000000000000000000000000000000001
0000001100001000000000000100000001000000000000000000000000000000000010000000000000011000000010001000
0001000100100000000000000000000000000000000000000000000000000000000000000000000000011000000010000000
1000000100000000000000100000000000010000000001000000000001000000000000000000000000010000000000000010
0000100000010010000010001000001000000110000000100100000000000001000000000000000000000100000001000000
0000100000010010000010001000001000000110000000100100000000000001000000000000000000000100000001000000
1000000100000000000000100000000000010000000001000000001001000000000000000000000000010000000000000000
1000000100000000000000100000000000010000000001000000000001000000000000000000000000010000000000000010
1000000100000000000000100000000000010000100001000000000001000000000000000000100000010000000000000000
1000000100000000000000100000000000010000000001000000000001000000000000000000000000010000000000000010
0001000100100000000000000000000000000000000000000000000000000000000000000000010000011000000010000000
0000000000010010100010001000001000000110000000000100000000000001000000000000000000000100000001000000
0100000011000010000000001000000000000110000000000001000000000001000000000000000000000000000000000001
0100000011000010000000001000000000000110000000000001000000000001000000000000000000000000000000000001
0000000000010010100010001000001000000110000000000100000000100001000000000000000000000100000001010000
0000000000010010100010001000001000000110000000010100000000000001000000000000000000000100000001000000
1000000100000000010000100000000000110000000001000000000001000000000000000000000000010000000000000000
0100000001000010000000001000000000000110000000000001000000000001000000000000000000000000000000000001
1000000100000000000000100000000000010000000001000000000001000000000000000000000000010000000000000010
0000100000010010000010001000001000000110000000100100000000000001000000000000000000000100000001000000
1000000100000000000000100000000000010000000001000000000001000000000000000000000000010000000000000010
0100000001000010000000001000000000000110000000000001000000000001000000000000000000000000000000000001
0000100000010010000010001000001000000110000000100100000000000001000000000000000000000100000001000000
1000000100000000000000100000000010010000100001000000000001000000000000000000100000010000000000000000
0001000100100000000000000000000000000000000010000000000000000000000000000000000000011000000010000000
0100000001000010000000001000000000000110000000000001000000000001000000000000000000000000000000000001
0100000001000010000000001000000000000110000000000001000000000001000000000000000000000000000000000001
0000000000010010100010001000001000000110000000010100000000000001000000000000000000000100000001000000
1000000100000000000000100000000000010000100001000000000001000000000000000000100000010000000000000000
1000000100000000000000100000000000010000100001000000000001000000000000000000100000010000000000000000
0000100000010010000010001000001000000110000000100100000000000001000000000000000000000100000001000000
0100000001000010000000001000000000000110000000000001000000000001000000000000000000000000000000000001
0100000001000010000000001000000000000110000000000001000000000001000000000000000000000000000000000001
0000001100001100001000000000000001000000001000000000000000000000000000001000000001011000101010000000
0000000000010010100010001000001000000110000000000100000000100001000000000000000000000100000001010000
0001000100100000000000000000000000000000000000000000000000000000000000000000000000011000000010000000
0100010001000010000000001000000000000110000000000001000000000001000000000000000000000000000000000001
0100000001000010000000001000000000000110000000000001000000000001000000000000000000000000000000000001
1000000100000000000000100000000000010000100001000000000001000000000000000000100000010000000000000000
0100000001000010000000001000000000000110000000000001000000000001000000000000000000000000000000000001
1000000100000000000000100000000000010000000001000000000001000000000000000000000000010000000000000100
0000000000010010100010001000001000000110000000000100000000000001000000000000000000000100000001000000
0000000000010010100010001000001000000110000000010100000000000001000000000000000000000100000001000000
0100000001000010000000001000000000000110000000000001000000000001000000000000000000000000010000000001
1000000100000000000000100000000000010000000001000000000001000000000000000000000000010000000000000010
0000000000010010100010001000001000000110000000000100000000000001000000000000000000000100000001000000
0000000000010011100010001000001000000110000000010100000000000001000000000000000000000101000001000000
0000000000010010100010001000001000000110000000000100000000100001000000000000000000000100000001010000
0000000000010011100010001000001000000110000000010100000000000001000000000000000000000100000001000000
0000000000010010100010001000001000000110000000010100000000000001000000000000000000000100000001000000
0001000100100000000000000000000000000000000010000000000000000000000000000000000000011000000010000000
0000100000010010000010001000001000000110000000100100000000000001000000000000000000000100000001000000
0000000000010011100010001000001000000110000000010100000000000001000000000000000000000100000001000000
0000001100001000000000000100000001000000000000000000000000000000000010000000000000011000000010001000
0100000001000010000000001000000000000110000000000001000000000001000000000000000000000000000000000001
0000001100001000000000000100000001000000000000000000100000000100000010000000000000011000000010000000
1000000100000000000000100000000000010000000001000000000001000000000000000000000000010000000000000010
0000000000010010100010001000001000000110000000000100000000000001000000000000000000000100000001000000
0000100000010010000010001000001000000110000000100100000010000001000000000000000000000100000001000000
0100000001000010000000001000000000000110000000000001000000000001000000000000000000000000000000000001
0000001100001000000000000100000001000000000000000000000000000000000010000000000000011000000010001000
0001000100100000000101000010000000000000000000000000000000000000000000000000000000011000000010000000
1000000100000000000000100000000000010000100001001000000001000000000000000000100000010000000000000000
1000000100000000000000100000000000010000100001000000000001000000000000000000100000010000000000000000
0000000000010010100010001000001000000110000000010100000000000001000000000000000000000100000001000000
0100000001000010000000001000000000000110000000000001000000000001000000000000000000000000000000000001
0001000100100000000000000000000000000000000000000000000000000000000000000000010000011000000010000000
1000000100000000000000100000000000010000000001000000000001000000000000000000000000010000000000000000
0001000100100000000000000000000000000000000010000000000000000000000000000000000000011000000010000000
1000000100000000000000100000000000010000000001000000000001000000000000000000000000010000000000000010
0100000001000010000000001000000000000111000000000001000000000001000000000000000000000000000000000001
1000000100000000000000100000000000010000010001000000000001000010000000000110000000010000000000000000
0100000001000010000000001000000000000110000000000001000000000001000000000000000000000000000000000001
0001000100100000000000000000000000000000000000000000000000000000000000000000010000011000000010000000
0100000001000010000000001000000000000110000000000001000000000001000000000000000000000000000000000001
0001000100100000000000000000000000000000000000000000000000000000000000000000000000011000000010000000
0001000100100000000000000000000000000000000000000000000000000000000000000000010000011000000010000000
0000000000010010100010001000001000000110000000000100000000000001000000000000000000000110000001000000
1000000100000000000000100000000000010000000001000000000001000000000000000000000000010000000000000010
0100010001000010000000001000000000000110000000000001000000000001000000000000000000000000000000000001
0100000001000010000000001000000000000110000000000001000000000001000000000000000000000000000000000001
0100000001000010000000001000000000000110000000000001000000000001000000000000000000000000000000000001
0000100000010010000010001000001000000110000000100100000000000001000001000000000000000100000001000000
1000000100000000000000100000000000010000100001001000000001000000000000000000100000010000000000000000
1000000100000000000000100000000000010000100001001000000001000000000000000000100000010000000000000000
0000000000010010100010001000001000000110000000010100000000000001000000000000000000000100000001000000
0001000100100000000001000010000000000000000000000000000000000000000000000000000000011000000010000000
0000001100001000000000000100000001000000000000000000000000000000000010000000000000011000000010001000
0001000100100000000000000000000000000000000000000000000000000000000000000000000000011000000010000000
0100000001000010000000001000000000000110000000000001000000000001000000000000000000000000000000000001
0000000000010010100010001000001000000110000000010100000000000001000000000000000000000100000001000000
0000001100001000000000000100000001000000000000000000000000000000000010000000000000011000000010001000
1000000100000000000000100000000000010000000001000000000001010000000000000000000000010000000000000000
0000100000010010000010001000001000000110000000100100000000000001000000000000000000000100000001000000
1000000100000000000000100000000000010000010001000000000001000010000000000110000000010000000000000000
1000000100000000000000100000000000010000010001000000000001000010000000000110000000010000000000000000
0000100000010010000010001000001000000110000000100100000000000001000000000000000000000100000001000000
0001000100100000000001000010000000000000000000000000000000000000000000000000000000011000000010000000
0001000100100000000000000000000000000000000000000000000000000000000000000000000000011000000010000000
0000001100001000000000000100000001000000000000000000000000000000000010000000000000011000000010001000
0000100000010010000010001000001000000110000000100100000000000001000000000000000000000100000001000000
0000100000010010000010001000001000000110000000100100000000000001000000000000000000000100000001000000
0000100000010010000010001000001000000110000000100100000000000001000000000000000000000100000001000000
0000100000010010000010001000001000000110000000100100000000000001000000000000000000000100000001000000
0100000001000010000000001000000000000110000000000001000000000001000000000000000000000000000000000001
1000000100000000000000100000000000010000100001000000000001000000000000000000100000010000000000000000
1000000100000000000000100000000000010000000001000000000001000000000000000000000000010000000000000000
0000001100001000000000000100000001000000000000000000000000000000000010000000000000011000000010001000
1000000100000000000000100000000000010000000001000000000001000000000000000000000000010000000000000000
0000000000010011100010001000001000000110000000010100000000000001000000000000000000000100000001000000
1000000100000000000000100000000010010000100001000000000001000000000000000000100000010000000000000000
0000000000010010100010001000001000000110000000000100000000000001000000000000000000000100000001000000
0001000100100000000000000000000000000000000000000000000000000000000000000000010000011000000010000000
0100000011000010000000001000000000000110000000000001000000000001000000000000000000000000000000000001
0001000100100000000000000000000000000000000000000000000000000000000000000000000000011000000010000000
0000000000010010100010001000001000000110000000000100000000000001000000000000000000000100000001000000
0001000100100000000000000000000000000000000010000000000000000000000000000000000000011000000010000000
1000000100000000000000100000000000010000000001000000000001000000000000000000000000010000000000000100
0100000001000010000000001000000000000110000000000001000000000001000000000000000000000000000000000001
1000000100000000000000100000000000010000000001000000010001000000000000000001000000010000000000000010
1000000100000000000000100000000000010000000001000000000001000000000000000000000000010000000000000000
1000000100000000000000100000000000010000000001000000000001000000000000000000000000010000000000000000
0100000001000010000000001000000000000110000000000001000000000001000000000000000000000000000000000001
1000000100000000000000100000000000010000000001000000000001000000000000000000000000010000000000000010
1000000100000000000000100000000000010000100001000000000001000000000000000000100000010000000000000000
1000000100000000000000100000000000010000000001000000000001000000000000000000000000010000000000000100
0000001100001000000000000100000001000000000000000000000000000000000010000000000000011000000010001000
0100000001000010000000001000000000000110000000000001000000000001000000000000000000000000000000000001
0100000011000010000000001000000000000110000000000001000000000001000000000000000000000000000000000001
0000001100001000000000000100000001000000000000000000000000000000000010000000000000011000000010001000
1000000100000000000000100000000000010000000001000000000001000000000000000000000000010000000000000100
0000000000010010100010001000001000000110000000000100000000000001000000000000000000000100000001000000
0000000000010010100010001000001000000110000000010100000000000001000000000000000000000100000001000000
0000000000010011100010001000001000000110000000010100000000000001000000000000000000000100000001000000
0000000000010011100010001000001000000110000000010100000000000001000000000000000000000100000001000000
0100000001000010000000001000000000000110000000000001000000000001000000000000000000000000000000000001
0100000001000010000000001000000000000110000000000001000000000001000000000000000000000000000000000001
0100000001000010000000001000000000000111000000000001000000000001000000000000000000000000000000000001
0000000000010010100010001000001000000110000000000100000000100001000000000000000000000100000001010000
0100000001000010000000001000000000000110000000000001000000000001000000000000000000000000000000000001
1000000100000000000000100000000000010000000001000000000001000000000000000000000000010000000000000010
0100000001000010000000001000000000000110000000000001000000000001000000000000000000000000000000000001
1000000100000000000000100000000000010000100001001000000001000000000000000000100000010000000000000000
0100000001000010000000001000000000000110000000000001000000000001000000000000000000000000000000000001
0100000001000010000000001000000000000110000000000001000000000001000000000000000000000000000000000001
0000001100001000000000000100000001000000000000000010000000000000000010000000000000011000000010000000
1000000100000000000000100000000000010000010001000000000001000010000000000110000000010000000000000000
0000000000010011100010001000001000000110000000010100000000000001000000010000000000000100000001000000
1000000100000000000000100000000000010000100001000000000001000000000000000000100000010000000000000000
1000000100000000000000100000000000010000000001000000000001000000000000000000000000010000000000000010
0100000001000010000000001000000000000110000000000001000000000001000000000000000000000000000000000001
0001000100100000000000010000000000000000000000000000000000000000000000000000000000011000000010000000
0100000001000010000000001000000000000110000000000001000000000001000000000000000000000000000000000001
1000000100000000000000100000000000010000000001000000000001010000000000000000000000010000000000000000
1000000100000000000000100000000000010000100001001000000001000000000000000000100000010000000000000000
0100000001000010000000001000000000000110000000000001000000000001000000000000000000000000000000000001
0000000000010010100010001000001000000110000000000100000000000001000000000000000000000110000001000000
0100000001000010000000001000000000000110000000000001000000000001000000000000000000000000000000000001
1000000100000000000000100000000000010000000001000000000001000000000000000000000000010000000000000000
0000100000010010000010001000001000000110000000100100000000000001000000000000000000000100000001000000
0001000100100000000001000010000000000000000000000000000000000000000000000000000000011000000010000000
0001000100100000000000000000000000000000000010000000000000000000000000000000000000011000000010000000
0100000001000010000000001000000000000110000000000001000000000001000000000000000000000000000000000001
0100000001000010000000001000000000000110000000000001000000000001000000000000000000000000000000000001
0001000100100000000000000000000000000000000000000000000000000000000000000000010000011000000010000000
0000000000010011100010001000001000000110000000010100000000000001010000000000000000000100000001000000
0100000001000010000000001000000000000110000000000001000000000001000000000000000000000000000000000001
0000000000010010100010001000001000000110000000000100000000000001000000000000000000000100000001000000
0000001100001000000000000100000001000000000000000000000000000100000010000000000000011000000010000000
0100000001000010000000001000000000000110000000000001000000000001000000000000000000000000000000000001
0100000001000010000000001000000000000110000000000001000000000001000000000000000000000000000000000001
0000100000010010000010001000001000000110000000100100000000000001000000000000000000000100000001000000
0000001100001000000000000100000001000000000000000000000000000000000010000000000000011000000010001000
1000000100000000000000100000000000010000000001000000000001010000000000000000000000010000000000000000
0000000000010011100010001000001000000110000000010100000000000001000000000000000000000100000001000000
0000100000010010000010001000001000000110000000100100000000000001000001000000000000000100000001000000
1000000100000000000000100000000000010000000001000000000001000000000000000000000000010000000000000000
0000100000010010000010001000001000000110000000100100000000000001000000000000000000000100000001000000
0001000100100000000000000000000000000000000000000000000000000000000000000000000000011000000010000000
1000000100000000000000100001000000010000000001000000000001000000000000000000000000010000000000000000
0001000100100000000000000000000000000000000000000000000000000000000000000000000000011000000010000000
0001000100100000000000000000000000000000000010000000000000000000000000000000000000011000000010000000
0000001100001000000000000100000001000000000000000000000000000000000010000000000000011000000010001000
0000000000010010100010001000001000000110000000010100000000000001000000000000000000000100000001000000
1000000100000000000000100000000000010000000001000000000001000000000000000000000000010000000000000010
1000000100000000000000100000000000010000000001000000000001000000000000000000000000010000000000000010
0000001100001000000000000100000001000000000000000000100000000100000010000000000000011000000010000000
1000000100000000000000100000000000010000000001000000000001000000000000000000000000010000000000000010
0000001100001000000000000100000001000000000000000000100000000100000010100000000000011000000010000000
1000000100000000000000100000000000010000000001000000000001000000000000000000000000010000000000000010
0100000001000010000000001000000000000110000000000001000000000001000000000000000000000000000000000001
0001000100100000000000000000000000000000000100000000000000000000000000000000000000011000000010000000
0001000100100000000000000000000000000000000010000000000000000000000000000000000000011000000010000000
1000000100000000010000100000000000110000000001000000000001000000000000000000000000010000000000000000
0100000001000010000000001000000000000110000000000001000000000001000000000000000000000000000000000001
1000000100000000000000100000000000010000000001000000000001000000000000000000000000010000000000000010
1000000100000000000000100000000000010000000001000000000001000000000000000000000000010000000000000010
0100000001000010000000001000000000000110000000000001000000000001000000000000000000000000000000000001
0000001100001000000000000100000001000000000000000000100000000100000010000000000000011000000010000000
1000000100000000000000100000000010010000100001000000000001000000000000000000100000010000000000000000
0100000001000010000000001000000000000110000000000001000000000001000000000000000000000000000000000001
0000100000010010000010001000001000000110000000100100000000000001000000000000000000000100000001000000
0000000000010010100010001000001000000110000000000100000000100001000000000000000000000100000001010000
0000000000010010100010001000001000000110000000000100000000100001000000000000000000000100000001010000
0100000011000010000000001000000000000110000000000001000000000001000000000000000000000000000000100001
0000001100001000000000000100000001000000000000000010000000000000000110000000000000011000000010000000
1000000100000000000000100000000000010000000001000000000001000000000000000000000000010000000000000010
0100000001000010000000001000000000000110000000000001000000000001000000000000000000000000000000000001
0000000000010010100010001000001000000110000000010100000000000001000000000000000000000100000001000000
1000000100000000000000100000000000010000000001000000000001000000000000000000000000010000000000000000
0000000000010011100010001000001000000110000000010100000000000001000000000000000000000100000001000000
0100000001000010000000001000000000000110000000000001000000000001000000000000000000000000000000000001
1000000100000000000000100000000000010000000001000000001001000000000000000000000000010000000000000000
1000000100000000000000100000000000010000100001000000000001000000000000000000100000010000000000000000
0000000000010010100010001000001000000110000000000100000000000001000000000000000000000100000001000000
0001000100100000000000000000000000000000000000000000000000000000000000000000000000011000000010000000
0000000000010010100010001000001000000110000000000100000000000001000000000000000000000100000001000000
0100000001000010000000001000000000000111000000000001000000000001000000000000000000000000000000000001
0100000011000010000000001000000000000110000000000001000000000001000000000000000000000000000000000001
0000100000010010000010001000001000000110000000100100000000000001000000000000000000000100000001000000
0100000001000010000000001000000000000110000000000001000000000001000000000000000000000000000000000001
1000000100000000000000100000000000010000000001000000000001000000000000000000000000010000000000000100
1000000100000000000000100000000000010000000001000000000001000000000000000000000000010000000000000010
1000000100000000000000100000000000010000000001000000000001000000000000000000000000010000000000000100
0100000001000010000000001000000000000110000000000001000000000001000000000000000000000000000000000001
0100000001000010000000001000000000000110000000000001000000000001000000000000000000000000000000000001
1000000100000000000000100000000000010000100001000000000001000000000000000000100000010000000000000000
0000000000010010100010001000001000000110000000000100000000000001000000000000000000000100000001000000
0100000001000010000000001000000000000110000000000001000000000001000000000000000000000000000000000001
0001000100100000000000000000000000000000000000000000000000000000000000000000010000011000000010000000
0100000001000010000000001000000000000110000000000001000000000001000000000000000000000000000000000001
0000100000010010000010001000001000000110000000100100000000000001000000000000000000000100000001000000
0100010001000010000000001000000000000110000000000001000000000001000000000000000000000000000000000001
1000000100000000000000100000000000010000000001000000000001000000000000000000000000010000000000000000
0000000000010011100010001000001000000110000000010100000000000001000000000000000000000100000001000000
0001000100100000000000000000000000000000000000000000000000000000000000000000000000011000000010000000
1000000100000000000000100000000000010000000001000000000001000000000000000000000000010000000000000100
0000100000010010000010001000001000000110000000100100000000000001000000000000000000000100000001000000
0100000001000010000000001000000000000110000000000001000000000001000000000000000000000000000000000001
0100000001000010000000001000000000000110000000000001000000000001000000000000000000000000010000000001
0000000000010010100010001000001000000110000000000100000000100001000000000000000000000100000001010000
1000000100000000000000100000000000010000000001000000000001010000000000000000000000010000000000000000
0100000001000010000000001000000000000110000000000001000000000001000000000000000000000000000000000001
0000000000010010100010001000001000000110000000000100000000000001000000000000000000000100000001000000
0100000001000010000000001000000000000110000000000001000000000001000000000000000000000000000000000001
0100000011000010000000001000000000000110000000000001000000000001000000000000000000000000000000000001
1000000100000000000000100000000000010000100001000000000001000000000000000000100000010000000000000000
1000000100000000000000100000000000010000000001000000000001000000000000000000000000010000000000000000
0001000100100000000000000000000000000000000000000000000000000000000000000000010000011000000010000000
0000100000010010000010001000001000000110000000100100000000000001000000000000000000000100000001000000
0001000100100000000000000000000000000000000000000000000000000000000000000000010000011000000010000000
0000001100001000000000000100000001000000000000000000100000000100000010000000000000011000000010000000
0000001100001000000000000100000001000000000000000010000000000000000010000000000000011000000010000000
0000001100001000000000000100000001000000000000000000100000000100000010000000000000011000000010000000
0100000001000010000000001000000000000110000000000001000000000001000000000000000000000000000000000001
1000000100000000000000100000000000010000100001000000000001000000000000000000100000010000000000000000
0000001100001000000000000100000001000000000000000000000000000000000010000000000000011000000010001000
0001000100100000000000000000000000000000000010000000000000000000000000000000000000011000000010000000
0000001100001000000000000100000001000000000000000000100000000100000010000000000000011000000010000000
0000000000010011100010001000001000000110000000010100000000000001000000000000000000000100000001000000
1000000100000000000000100000000000010000000001000000000001000010000000000100000000010000000000000000
1000000100000000000000100000000000010000000001000000000001000000000000000000000000010000000000000100
0001000100100000000000000000000000000000000000000000000000000000000000000000000000011000000010000000
0100000001000010000000001000000000000110000000000001000000000001000000000000000000000000000000000001
0000001100001100001000000000000001001000001000000000000000000000000000001000000001011000101010000000
0001000100100000000000000000000000000000000000000000000000000000000000000000000000011000000010000000
0000000000010010100010001000001000000110000000000100000000000001000000000000000000000100000001000000
0000000000010011100010001000001000000110000000010100000000000001000000000000000000000100000001000000
0000000000010010100010001000001000000110000000000100000000000001000000000000000000000100000001000000
0100000001000010000000001000000000000110000000000001000000000001000000000000000000000000000000000001
0100000001000010000000001000000000000110000000000001000000000001000000000000000000000000000000000001
0100000001000010000000001000000000000110000000000001000000000001000000000000000000000000000000000001
1000000100000000000000100000000000010000000001000000000001000000000000000000000000010000000000000100
1000000100000000000000100000000000010000000001000000000001000000000000000000000000010000000000000100
0000100000010010000010001000001000000110000000100100000000000001000000000000000000000100000001000000
1000000100000000000000100000000000010000100001001000000001000000000000000000100000010000000000000000
0000000000010011100010001000001000000110000000010100000000000001000000000000000010000100000001000000
0001000100100000000000000000000000000000000000000000000000000000000000000000000000011000000010000000
0000001100001000000000000100000001000000000000000000000000000000000010000000000000011000000010001000
0000000000010010100010001000001000000110000000010100000000000001000000000000000000000100000001000000
1000000100000000000000100000000000010000000001000000000001000000000000000000000000010000000000000010
0100000001000010000000001000000000000110000000000001000000000001000000000000000000000000000000000001
0000001100001000000000000100000001000000000000000000100000000100000010000000000000011000000010000000
1000000100000000000000100000000010010000100001000000000001000000000000000000100000010000000000000000
0000001100001100001000000000000001000000001000000000000000000000000000001000000001011000101010000000
0000100000010010000010001000001000000110000000100100000000000001000000000000000000000100000001000000
1000000100000000000000100000000000010000000001000000000001000000000000000000000000010000000000000010
1000000100000000000000100000000000010000100001001000000001000000000000000000100000010000000000000000
0100000001000010000000001000000000000110000000000001000000000001000000000000000000000000000000000001
0000000000010010100010001000001000000110000000000100000000000001000000000000000000000100000001000000
1000000100000000000000100000000000010000000001000000000001000000000000000000000000010000000000000000
0000000000010010100010001000001000000110000000000100000000000001000000000000000000000100000001000000
0100010001000010000000001000000000000110000000000001000000000001000000000000000000000000000000000001
1000000100000000000000100000000000010000000001000000000001000010000000000100000000010000000000000000
0100000001000010000000001000000000000110000000000001000000000001000000000000000000000000000000000001
0100000001000010000000001000000000000110000000000001000000000001000000000000000000000000000000000001
0100000001000010000000001000000000000111000000000001000000000001000000000000000000000000000000000001
0000000000010010100010001000001000000110000000010100000000000001000000000000000000000100000001000000
0000000000010010100010001000001000000110000000010100000000000001000000000000000000000100000001000000
0000100000010010000010001000001000000110000000100100000000000001000000000000000000000100000001000000
0000000000010010100010001000001000000110000000010100000000000001000000000000000000000100000001000000
0100000001000010000000001000000000000110000000000001000000000001000000000000000000000000000000000001
1000000100000000000000100000000000010000000001000000000001000000000000000000000000010000000000000010
1000000100000000000000100000000000010000000001000000010001000000000000000001000000010000000000000010
1000000100000000000000100000000000010000000001000000000001000000000000000000000000010000000000000000
0100000011000010000000001000000000000110000000000001000000000001000000000000000000000000000000000001
1000000100000000000000100000000000110000000001000000000001000000000000000000000000010000000000000000
1000000100000000000000100000000000010000100001000000000001000000000000000000100000010000000000000000
1000000100000000000000100000000000010000100001000000000001000000000000000000100000010000000000000000
1000000100000000000000100000000000010000000001000000000001000000000000000000000000010000000000000010
0000000000010011100010001000001000000110000000010100000000000001000000000000000000000100000001000000
0000100000010010000010001000001000000110000000100100000000000001000001000000000000000100000001000000
0000000000010010100010001000001000000110000000000100000000000001000000000000000000000100000001000000
0100000001000010000000001000000000000110000000000001000000000001000000000000000000000000000000000001
0100000001000010000000001000000000000110000000000001000000000001000000000000000000000000000000000001
0000000000010011100010001000001000000110000000010100000000000001000000000000000000000100000001000000
0000000000010010100010001000001000000110000000000100000000000001000000000000000000000100000001000000
1000000100000000000000100000000000010000100001001000000001000000000000000000100000010000000000000000
0000001100001000000000000100000001000000000000000010000000000000000110000000000000011000000010000000
1000000100000000000000100000000000010000000001000000010001000000000000000001000000010000000000000010
0100000001000010000000001000000000000110000000000001000000000001000000000000000000000000000000000001
0100000001000010000000001000000000000110000000000001000000000001000000000000000000000000000000000001
0000001100001000000000000100000001000000000000000010000000000000000110000000000000011000000010000000
1000000100000000000000100000000000010000000001000000000001000010000000000100000000010000000000000000
1000000100000000000000100000000000010000100001000000000001000000000000000000100000010000000000000000
1000000100000000000000100000000000010000000001000000000001000000000000000000000000010000000000000100
1000000100000000000000100000000000010000000001000000000001000000000000000000000000010000000000000010
1000000100000000000000100000000000010000100001000000000001000000000000000000100000010000000000000000
1000000100000000000000100000000000010000100001000000000001000000001000000000100000010000000000000000
0000001100001000000000000100000001000000000000000000000000000000000010000000000000011000000010001000
0000000000010011100010001000001000000110000000010100000000000001000000000000000000000100000001000000
1000000100000000000000100000000000010000000001000000000001000000000000000000000000010000000000000100
0000001100001000000000000100000001000000000000000000000000000000000010000000000000011000000010001000
0000001100001000000000000100000001000000000000000000000000000000000010000000000000011000000010001000
0000000000010010100010001000001000000110000000000100000000000001000000000000000000000100000001010000
0100000001000010000000001000000000000110000000000001000000000001000000000000000000000000000000000001
1000000100000000000000100000000000010000000001000000000001000000000000000000000000010000000000000000
0000000000010010100010001000001000000110000000010100000000000001000000000000000000000100000001000000
1000000100000000000000100000000000010000000001000000000001000000000000000000000000010000000000000100
0001000100100000000001000010000000000000000000000000000000000000000000000000000000011000000010000000
0100000001000010000000001000000000000110000000000001000000000001000000000000000000000000000000000001
0000001100001100001000000000000001000000001000000000000000000000000000001000000001011000101010000000
0100000001000010000000001000000000000110000000000001000000000001000000000000000000000000000100000001
0000000000010011100010001000001000000110000000010100000000000001000000000000000000000100000001000000
0100000011000010000000001000000000000110000000000001000000000001000000000000000000000000000000100001
0001000100100000000001000010000000000000000000000000000000000000000000000000000000011000000010000000
0100000001000010000000001000000000000110000000000001000000000001000000000000000000000000000000000001
0001000100100000000000000000000000000000000000000000000000000000000000000000010000011000000010000000
1000000100000000000000100000000000010000000001000000000001000000000000000000000000010000000000000000
0001000100100000000000000000000000000000000000000000000000000000000000000000000000011000000010000000
0100000001000010000000001000000000000110000000000001000000000001000000000000000000000000000000000001
0100000001000010000000001000100000000110000000000001000000000001000000000000000000000000000000000001
1000000100000000000000100000000000010000100001000000000001000000000000000000100000010000000000000000
0100000001000010000000001000000000000110000000000001000000000001000000000000000000000000000000000001
1000000100000000000000100000000000010000000001000000000001000000000000000000000000010000000000000000
0000100000010010000010001000001000000110000000100100000000000001000000000000000000000100000001000000
0000000000010010100010001000001000000110000000000100000000000001000000000000000000000100000001000000
1000000100000000000000100000000000010000100001000000000001000000000000000000100000010000000000000000
0100000001000010000000001000000000000110000000000001000000000001000000000000000000000000000000000001
0000000000010010100010001000001000000110000000000100000000000001000000000000000000000100000001000000
0100000001000010000000001000000000000110000000000001000000000001000000000000000000000000000000000001
0000000000010010100010001000001000000110000000000100000000000001000000000000001000000100000001000000
1010000100000000000000100000000000010000000001000000000001000000000000000000000000010000000000000000
0100000001000010000000001000000000000110000000000001000000000001000000000000000000000000000000000001
1000000100000000000000100000000000010000000001000000000001000000000000000000000000010000000000000000
0100000001000010000000001000000000000110000000000001000000000001000000000000000000000000000000000001
0000001100001000000000000100000001000000000000000000000000000000000010000000000000011000000010000000
0100000001000010000000001000000000000110000000000001000000000001000000000000000000000000000000000001
