0000001100001000000000000100000001000000000000000000100000000100000010000000000000011000000010000000
0001000100100000000000000000000000000000000000000000000000000000000000000000000000011000000010000000
0100000001000010000000001000000000000110000000000001000000000001000000000000000000100000000000000001
0000001100001000000000000100000001000000000000000000100000001100000010000000000000011000000010000000
0000100000010010000010001000001000000110000000100100000000000001000000000000000000000100000001000000
0001000100100000000000000000000000000000000010000000000000000000000000000000000000011000000010000000
1000000100000000000000100000000000010000000001000000001001000000000000000000000000010000000000000000
0000000000010010100010001000001000000110000000000100000000000001000000000000000000000100000001000000
0000000000010010100010001000001000000110000000000100000000000001000000000000000000000100000001000000
0001000100100000000001000010000000000000000000000000000000000000000000000000000000011000000010000000
0000000000010011100010001000001000000110000000010100000000000001000000000000000000000101000001000000
0001000100100000000000000000000000000000000010000000000000000000000000000000000000011000000010000000
0100000001000010000000001000000000000110000000000001000000000001000000000000000000000000000000000001
0000000000010011100010001000001000000110000000010100000000000001000000000000000000000100000001000000
0100000011000010000000001000000000000110000000000001000000000001000000000000000000000000000000000001
1000000100000000000000100000000000010000000001000000000001000000000000000000000000010000000000000000
0001000100100000000000000000000000000000000010000000000000000000000000000000000000011000000010000000
0000000000010010100010001000001000000110000000010100000000000001000000000000000000000100000001000000
0001000100100000000101000010000000000000000000000000000000000000000000000000000000011000000010000000
0000100000010010000010001000001000000110000000100100000010000001000000000000000000000100000001000000
1000000100000000000000100000000000010000100001000000000001000000000000000000100000010000000000000000
0001000100100000000000000000000000000000000000000000000000000000000000000000000000011000000010000000
0100000001000010000000001000000000000110000000000001000000000001000000000000000000000000000000000001
0100000001000010000000001000000000000110000000000001000000000001000000000000000000000000000000000001
1000000100000000000000100000000000010000100001001000000001000000000000000000100000010000000000000000
0100000011000010000000001000000000000110000000000001000000000001000000000000000000000000000000000001
0000100000010010000010001000001000000110000000100100000000000001000001000000000000000100000001000000
0100000001000010000000001000000000000110000000000001000000000001000000000000000000000000000000000001
0100000001000010000000001000000000000110000000000001000000000001000000000000000000000000000000000001
0100000001000010000000001000000000000110000000000001000000000001000000000000000000000000000000000001
1000000100000000000000100000000000010000100001000000000001000000000000000000100000010000000000000000
1000000100000000000000100000000000010000000001000000010001000000000000000001000000010000000000000010
0001000100100000000000000000000000000000000100000000000000000000000000000000000000011000000010000000
0100000001000010000000001000000000000110000000000001000000000001000000000000000000000000000000000001
0001000100100000000000000000000000000000000000000000000000000000000000000000010000011000000010000000
1000000100000000000000100000000000010000000001000000010001000000000000000001000000010000000000000010
1000000100000000000000100000000000010000100001000000000001000000000000000000100000010000000000000000
1000000100000000000000100000000000010000000001000000000001000000000000000000000000010000000000000010
0001000100100000000000000000000000000000000000000000000000000000000000000000000000011000000010000000
0000000000010010100010001000001000000110000000000100000000000001000000000000000000000100000001000000
1000000100000000000000100000000000010000000001000000000001000000000000000000000000010000000000000010
0000000000010010100010001000001000000110000000000100000000000001000000000000000000000100000001000000
0000001100001000000000000100000001000000000000000000000000000000000010000000000000011000000010000000
0100000001000010000000001000000000000110000000000001000000000001000000000000000000000000000000000001
0000000000010011100010001000001000000110000000010100000000000001000000000000000000000100000001000000
0001000100100000000000000000000000000000000000000000000000000000100000000000000000011000000010000000
0100000011000010000000001000000000000110000000000001000000000001000000000000000000000000000000000001
0000000000010010100010001000001000000110000000000100000000100001000000000000000000000100000001010000
0000000000010010100010001000001000000110000000000100000000000001000000000000000000000100000001000000
1000000100000000000000100000000010010000100001000000000001000000000000000000100000010000000000000000
0000000000010010100010001000001000000110000000000100000000000001000000000000000000000100000001000000
0000001100001000000000000100000001000000000000000000000000000000000010000000000000011000000010000000
0100000001000010000000001000000000000110000000000001000000000001000000000000000000000000000000000001
0000000000010010100010001000001000000110000000000100000000000001000000000000000000000100000001000000
1000000100000000000000100000000000010000100001000000000001000000000000000000100000010000000000000000
0000000000010011100010001000001000000110000000010100000000000001000000000000000000000100000001000000
0100000001000010000000001000000000000110000000000001000000000001000000000000000000000000000000000001
1000000100000000000000100000000000010000000001000000000001000000000000000000000000010000000000000010
0000001100001000000000000100010001000000000000000000000000000000000010000000000000011000000010001000
0000000000010010100010001000001000000110000000000100000000100001000000000000000000000100000001010000
0100000001000010000000001000000000000111000000000001000000000001000000000000000000000000000000000001
0000000000010011100010001000001000000110000000010100000000000001000000000000000000000100000001000000
0000000000010010100010001000001000000110000000000100000000000001000000000000000000000100000001000000
0000100000010010000010001000001000000110000000100100000000000001000000000000000000000100000001000000
0000001100001000000000000100000001000000000000000000000000000000000010000000000000011000000010001000
0000000000010011100010001000001000000110000000010100000000000001000000000000000000000100000001000000
0100000001000010000000001000000000000110000000000001000000000001000000000000000000000000000000000001
0100000011000010000000001000000000000110000000000001000000000001000000000000000000000000000000000001
0100000011000010000000001000000000000110000000000001000000000001000000000000000000000000000000000001
0000100000010010000010001000001000000110000000100100000000000001000000000000000000000100000001000000
0001000100100000000000000000000000000000000000000000000000000000000000000000000000011000000010000000
0100000001000010000000001000000000000111000000000001000000000001000000000000000000000000000000000001
0000001100001000000000000100000001000000000000000000000000000000000010000000000000011000000010001000
0100000011000010000000001000000000000110000000000001000000000001000000000000000000000000000000000001
0001000100100000000001000010000000000000000000000000000000000000000000000000000000011000000010000000
0001000100100000000000000000000000000000000000000000000000000000000000000000010000011000000010000000
0100000001000010000000001000000000000110000000000001000000000001000000000000000000000000000000000001
0000001100001100001000000000000001000000001000000000000000000000000000001000000001011000101010000000
0100000001000010000000001000000000000111000000000001000000000001000000000000000000000000000000000001
1000000100000000000000100000000000010000100001001000000001000000000000000000100000010000000000000000
1000000100000000010000100000000000110000000001000000000001000000000000000000000000010000000000000000
0100000001000010000000001000000000000110000000000001000000000001000000000000000000000000000000000001
0000000000010010100010001000001000000110000000000100000000000001000000000000000000000100000001000000
1000000100000000000000100000000000010000000001000000000001000000000000000000000000010000000000000000
1000000100000000000000100000000000010000000001000000000001000000000000000000000000010000000000000000
1000000100000000000000100000000000010000000001000000000001000000000000000000000000010000000000000010
0000000000010010100010001000001000000110000000010100000000000001000000000000000000000100000001000000
0000000000010011100010001000001000000110000000010100000000000001010000000000000000000100000001000000
0001000100100000000000000000000000000000000000000000000000000000000000000000000000011000000010000000
1000000100000000000000100000000000010000000001000000000001000000000000000000000000010000000000000010
0100000001000010000000001000000000000110000000000001000000000001000000000000000000000000000000000001
0000001100001000000000000100000001000000000000000000100000000100000010000000000000011000000010000000
0000000000010011100010001000001000000110000000010100000000000001000000000000000100000100000001000000
0100000001000010000000001000000000000110000000000001000000000001000000000000000000000000000000000001
0000100000010010000010001000001000000110000000100100000000000001000000000000000000000100000001000000
0001000100100000000000000000000000000000000100000000000000000000000000000000000000011000000010000000
0001000100100000000000000000000000000000000000000000000000000000000000000000010000011000000010000000
0100000001000010000000001000000000000110000000000001000000000001000000000000000000000000000000000001
1000000100000000000000100000000000010000000001000000000001000000000000000000000000010000000000000000
0100000011000010000000001000000000000110000000000001000000000001000000000000000000000000000000000001
0001000100100000000000000000000000000000000000000000000000000000000000000000000000011000000010000000
0000000000010010100010001000001000000110000000000100000000000001000000000000000000000100000001000000
0000001100001000000000000100000001000000000000000000000000000000000010000000000000011000000010001000
0100000001000010000000001000000000000110000000000001000000000001000000000000000000000000000000000001
0100000001000010000000001000000000000110000000000001000000000001000000000000000000000000000000000001
0000000000010010100010001000001000000110000000010100000000000001000000000000000000000100000001000000
0100000001000010000000001000000000000110000000000001000000000001000000000000000000000000000100000001
1000000100000000000000100000000000010000000001000000000001000000000000000000000000010000000000000010
0000100000010010000010001000001000000110000000100100000000000001000000000000000000000100000001000000
1000000100000000000000100000000000010000000001000000000001000000000000000000000000010000000000000010
1000000100000000000000100000000000010000000001000000000001000000000000000000000000010000000000000010
0001000100100000000000000000000000000000000010000000000100000000000000000000000000011000000010000000
0100000001000010000000001000000000000110000000000001000000000001000000000000000000000000000000000001
1000000100000000000000100000000000010000000001000000000001000000000000000000000000010000000000000000
0100000011000010000000001000000000000110000000000001000000000001000000000000000000000000000000100001
0001000100100000000000000000000000000000000000000000000000000000000000000000000000011000000010000000
1000000100000000000000100000000000010000000001000000000001000000000000000000000000010000000000000100
0000100000010010000010001000001000000110000000100100000000000001000000000000000000000100000001000000
0000000000010010100010001000001000000110000000010100000000000001000000000000000000000100000001000000
0001000100100000000000000000000000000000000000000000000000000000000000000000010000011000000010000000
0100000011000010000000001000000100000110000000000001000000000001000000000000000000000000000000000001
0001000100100000000000000000000000000000000010000000000000000000000000000000000000011000000010000000
0001000100100000000000000000000000000000000000000000000000000000000000000000000000011000000010000000
0001000100100000000000000000000000000000000000000000000000000000000000000000000000011000000010000000
0100000001000010000000001000100000000110000000000001000000000001000000000000000000000000000000000001
1000000100000000000000100000000000010000100001001000000001000000000000000000100000010000000000000000
0000001100001000000000000100000001000000000000000000100000000100000010000000000000011000000010000000
0001000100100000000000000000000000000000000000000000000000000000000000000000010000011000000010000000
0000000000010010100010001000001000000110000000000100000000000001000000000000000000000100000001000000
0001000100100000000001000010000000000000000000000000000000000000000000000000000000011000000010000000
0000001100001100001000000000000001000000001000000000000000000000000000001000000001011000101010000000
0000100000010010000010001000001000000110000000100100000000000001000000000000000000000100000001000000
0100000001000010000000001000000000000110000000000001000000000001000000000000000000000000000000000001
0000001100001000000000000100000001000000000000000000000000000000000010000000000000011000000010001000
0001000100100000000000000000000000000000000000000000000000000000000000000000000000011000000010000000
1000000100000000000000100000000000010000000001000000000001000000000000000000000000010000000000000010
0000100000010010000010001000001000000110000000100100000000000001000000000000000000000100000001000000
0000100000010010000010001000001000000110000000100100000000000001000000000000000000000100000001000000
1000000100000000000000100000000000010000000001000000001001000000000000000000000000010000000000000000
1000000100000000000000100000000000010000000001000000000001000000000000000000000000010000000000000010
1000000100000000000000100000000000010000100001000000000001000000000000000000100000010000000000000000
1000000100000000000000100000000000010000000001000000000001000000000000000000000000010000000000000010
0001000100100000000000000000000000000000000000000000000000000000000000000000010000011000000010000000
0000000000010010100010001000001000000110000000000100000000000001000000000000000000000100000001000000
0100000011000010000000001000000000000110000000000001000000000001000000000000000000000000000000000001
0100000011000010000000001000000000000110000000000001000000000001000000000000000000000000000000000001
0000000000010010100010001000001000000110000000000100000000100001000000000000000000000100000001010000
0000000000010010100010001000001000000110000000010100000000000001000000000000000000000100000001000000
1000000100000000010000100000000000110000000001000000000001000000000000000000000000010000000000000000
0100000001000010000000001000000000000110000000000001000000000001000000000000000000000000000000000001
1000000100000000000000100000000000010000000001000000000001000000000000000000000000010000000000000010
0000100000010010000010001000001000000110000000100100000000000001000000000000000000000100000001000000
1000000100000000000000100000000000010000000001000000000001000000000000000000000000010000000000000010
0100000001000010000000001000000000000110000000000001000000000001000000000000000000000000000000000001
0000100000010010000010001000001000000110000000100100000000000001000000000000000000000100000001000000
1000000100000000000000100000000010010000100001000000000001000000000000000000100000010000000000000000
0001000100100000000000000000000000000000000010000000000000000000000000000000000000011000000010000000
0100000001000010000000001000000000000110000000000001000000000001000000000000000000000000000000000001
0100000001000010000000001000000000000110000000000001000000000001000000000000000000000000000000000001
0000000000010010100010001000001000000110000000010100000000000001000000000000000000000100000001000000
1000000100000000000000100000000000010000100001000000000001000000000000000000100000010000000000000000
1000000100000000000000100000000000010000100001000000000001000000000000000000100000010000000000000000
0000100000010010000010001000001000000110000000100100000000000001000000000000000000000100000001000000
0100000001000010000000001000000000000110000000000001000000000001000000000000000000000000000000000001
0100000001000010000000001000000000000110000000000001000000000001000000000000000000000000000000000001
0000001100001100001000000000000001000000001000000000000000000000000000001000000001011000101010000000
0000000000010010100010001000001000000110000000000100000000100001000000000000000000000100000001010000
0001000100100000000000000000000000000000000000000000000000000000000000000000000000011000000010000000
0100010001000010000000001000000000000110000000000001000000000001000000000000000000000000000000000001
0100000001000010000000001000000000000110000000000001000000000001000000000000000000000000000000000001
1000000100000000000000100000000000010000100001000000000001000000000000000000100000010000000000000000
0100000001000010000000001000000000000110000000000001000000000001000000000000000000000000000000000001
1000000100000000000000100000000000010000000001000000000001000000000000000000000000010000000000000100
0000000000010010100010001000001000000110000000000100000000000001000000000000000000000100000001000000
0000000000010010100010001000001000000110000000010100000000000001000000000000000000000100000001000000
0100000001000010000000001000000000000110000000000001000000000001000000000000000000000000010000000001
1000000100000000000000100000000000010000000001000000000001000000000000000000000000010000000000000010
0000000000010010100010001000001000000110000000000100000000000001000000000000000000000100000001000000
0000000000010011100010001000001000000110000000010100000000000001000000000000000000000101000001000000
0000000000010010100010001000001000000110000000000100000000100001000000000000000000000100000001010000
0000000000010011100010001000001000000110000000010100000000000001000000000000000000000100000001000000
0000000000010010100010001000001000000110000000010100000000000001000000000000000000000100000001000000
0001000100100000000000000000000000000000000010000000000000000000000000000000000000011000000010000000
0000100000010010000010001000001000000110000000100100000000000001000000000000000000000100000001000000
0000000000010011100010001000001000000110000000010100000000000001000000000000000000000100000001000000
0000001100001000000000000100000001000000000000000000000000000000000010000000000000011000000010001000
0100000001000010000000001000000000000110000000000001000000000001000000000000000000000000000000000001
0000001100001000000000000100000001000000000000000000100000000100000010000000000000011000000010000000
1000000100000000000000100000000000010000000001000000000001000000000000000000000000010000000000000010
0000000000010010100010001000001000000110000000000100000000000001000000000000000000000100000001000000
0000100000010010000010001000001000000110000000100100000010000001000000000000000000000100000001000000
0100000001000010000000001000000000000110000000000001000000000001000000000000000000000000000000000001
0000001100001000000000000100000001000000000000000000000000000000000010000000000000011000000010001000
0001000100100000000101000010000000000000000000000000000000000000000000000000000000011000000010000000
1000000100000000000000100000000000010000100001001000000001000000000000000000100000010000000000000000
1000000100000000000000100000000000010000100001000000000001000000000000000000100000010000000000000000
0000000000010010100010001000001000000110000000010100000000000001000000000000000000000100000001000000
0100000001000010000000001000000000000110000000000001000000000001000000000000000000000000000000000001
0001000100100000000000000000000000000000000000000000000000000000000000000000010000011000000010000000
1000000100000000000000100000000000010000000001000000000001000000000000000000000000010000000000000000
0001000100100000000000000000000000000000000010000000000000000000000000000000000000011000000010000000
1000000100000000000000100000000000010000000001000000000001000000000000000000000000010000000000000010
0100000001000010000000001000000000000111000000000001000000000001000000000000000000000000000000000001
1000000100000000000000100000000000010000010001000000000001000010000000000110000000010000000000000000
0100000001000010000000001000000000000110000000000001000000000001000000000000000000000000000000000001
0001000100100000000000000000000000000000000000000000000000000000000000000000010000011000000010000000
0100000001000010000000001000000000000110000000000001000000000001000000000000000000000000000000000001
0001000100100000000000000000000000000000000000000000000000000000000000000000000000011000000010000000
0001000100100000000000000000000000000000000000000000000000000000000000000000010000011000000010000000
0000000000010010100010001000001000000110000000000100000000000001000000000000000000000110000001000000
1000000100000000000000100000000000010000000001000000000001000000000000000000000000010000000000000010
0100010001000010000000001000000000000110000000000001000000000001000000000000000000000000000000000001
0100000001000010000000001000000000000110000000000001000000000001000000000000000000000000000000000001
0100000001000010000000001000000000000110000000000001000000000001000000000000000000000000000000000001
0000100000010010000010001000001000000110000000100100000000000001000001000000000000000100000001000000
1000000100000000000000100000000000010000100001001000000001000000000000000000100000010000000000000000
1000000100000000000000100000000000010000100001001000000001000000000000000000100000010000000000000000
0000000000010010100010001000001000000110000000010100000000000001000000000000000000000100000001000000
0001000100100000000001000010000000000000000000000000000000000000000000000000000000011000000010000000
0000001100001000000000000100000001000000000000000000000000000000000010000000000000011000000010001000
0001000100100000000000000000000000000000000000000000000000000000000000000000000000011000000010000000
0100000001000010000000001000000000000110000000000001000000000001000000000000000000000000000000000001
0000000000010010100010001000001000000110000000010100000000000001000000000000000000000100000001000000
0000001100001000000000000100000001000000000000000000000000000000000010000000000000011000000010001000
1000000100000000000000100000000000010000000001000000000001010000000000000000000000010000000000000000
0000100000010010000010001000001000000110000000100100000000000001000000000000000000000100000001000000
1000000100000000000000100000000000010000010001000000000001000010000000000110000000010000000000000000
1000000100000000000000100000000000010000010001000000000001000010000000000110000000010000000000000000
0000100000010010000010001000001000000110000000100100000000000001000000000000000000000100000001000000
0001000100100000000001000010000000000000000000000000000000000000000000000000000000011000000010000000
0001000100100000000000000000000000000000000000000000000000000000000000000000000000011000000010000000
0000001100001000000000000100000001000000000000000000000000000000000010000000000000011000000010001000
0000100000010010000010001000001000000110000000100100000000000001000000000000000000000100000001000000
0000100000010010000010001000001000000110000000100100000000000001000000000000000000000100000001000000
0000100000010010000010001000001000000110000000100100000000000001000000000000000000000100000001000000
0000100000010010000010001000001000000110000000100100000000000001000000000000000000000100000001000000
0100000001000010000000001000000000000110000000000001000000000001000000000000000000000000000000000001
1000000100000000000000100000000000010000100001000000000001000000000000000000100000010000000000000000
1000000100000000000000100000000000010000000001000000000001000000000000000000000000010000000000000000
0000001100001000000000000100000001000000000000000000000000000000000010000000000000011000000010001000
1000000100000000000000100000000000010000000001000000000001000000000000000000000000010000000000000000
0000000000010011100010001000001000000110000000010100000000000001000000000000000000000100000001000000
1000000100000000000000100000000010010000100001000000000001000000000000000000100000010000000000000000
0000000000010010100010001000001000000110000000000100000000000001000000000000000000000100000001000000
0001000100100000000000000000000000000000000000000000000000000000000000000000010000011000000010000000
0100000011000010000000001000000000000110000000000001000000000001000000000000000000000000000000000001
0001000100100000000000000000000000000000000000000000000000000000000000000000000000011000000010000000
0000000000010010100010001000001000000110000000000100000000000001000000000000000000000100000001000000
0001000100100000000000000000000000000000000010000000000000000000000000000000000000011000000010000000
1000000100000000000000100000000000010000000001000000000001000000000000000000000000010000000000000100
0100000001000010000000001000000000000110000000000001000000000001000000000000000000000000000000000001
1000000100000000000000100000000000010000000001000000010001000000000000000001000000010000000000000010
1000000100000000000000100000000000010000000001000000000001000000000000000000000000010000000000000000
1000000100000000000000100000000000010000000001000000000001000000000000000000000000010000000000000000
0100000001000010000000001000000000000110000000000001000000000001000000000000000000000000000000000001
1000000100000000000000100000000000010000000001000000000001000000000000000000000000010000000000000010
1000000100000000000000100000000000010000100001000000000001000000000000000000100000010000000000000000
1000000100000000000000100000000000010000000001000000000001000000000000000000000000010000000000000100
0000001100001000000000000100000001000000000000000000000000000000000010000000000000011000000010001000
0100000001000010000000001000000000000110000000000001000000000001000000000000000000000000000000000001
0100000011000010000000001000000000000110000000000001000000000001000000000000000000000000000000000001
0000001100001000000000000100000001000000000000000000000000000000000010000000000000011000000010001000
1000000100000000000000100000000000010000000001000000000001000000000000000000000000010000000000000100
0000000000010010100010001000001000000110000000000100000000000001000000000000000000000100000001000000
0000000000010010100010001000001000000110000000010100000000000001000000000000000000000100000001000000
0000000000010011100010001000001000000110000000010100000000000001000000000000000000000100000001000000
0000000000010011100010001000001000000110000000010100000000000001000000000000000000000100000001000000
0100000001000010000000001000000000000110000000000001000000000001000000000000000000000000000000000001
0100000001000010000000001000000000000110000000000001000000000001000000000000000000000000000000000001
0100000001000010000000001000000000000111000000000001000000000001000000000000000000000000000000000001
0000000000010010100010001000001000000110000000000100000000100001000000000000000000000100000001010000
0100000001000010000000001000000000000110000000000001000000000001000000000000000000000000000000000001
1000000100000000000000100000000000010000000001000000000001000000000000000000000000010000000000000010
0100000001000010000000001000000000000110000000000001000000000001000000000000000000000000000000000001
1000000100000000000000100000000000010000100001001000000001000000000000000000100000010000000000000000
0100000001000010000000001000000000000110000000000001000000000001000000000000000000000000000000000001
0100000001000010000000001000000000000110000000000001000000000001000000000000000000000000000000000001
0000001100001000000000000100000001000000000000000010000000000000000010000000000000011000000010000000
1000000100000000000000100000000000010000010001000000000001000010000000000110000000010000000000000000
0000000000010011100010001000001000000110000000010100000000000001000000010000000000000100000001000000
1000000100000000000000100000000000010000100001000000000001000000000000000000100000010000000000000000
1000000100000000000000100000000000010000000001000000000001000000000000000000000000010000000000000010
0100000001000010000000001000000000000110000000000001000000000001000000000000000000000000000000000001
0001000100100000000000010000000000000000000000000000000000000000000000000000000000011000000010000000
0100000001000010000000001000000000000110000000000001000000000001000000000000000000000000000000000001
1000000100000000000000100000000000010000000001000000000001010000000000000000000000010000000000000000
1000000100000000000000100000000000010000100001001000000001000000000000000000100000010000000000000000
0100000001000010000000001000000000000110000000000001000000000001000000000000000000000000000000000001
0000000000010010100010001000001000000110000000000100000000000001000000000000000000000110000001000000
0100000001000010000000001000000000000110000000000001000000000001000000000000000000000000000000000001
1000000100000000000000100000000000010000000001000000000001000000000000000000000000010000000000000000
0000100000010010000010001000001000000110000000100100000000000001000000000000000000000100000001000000
0001000100100000000001000010000000000000000000000000000000000000000000000000000000011000000010000000
0001000100100000000000000000000000000000000010000000000000000000000000000000000000011000000010000000
0100000001000010000000001000000000000110000000000001000000000001000000000000000000000000000000000001
0100000001000010000000001000000000000110000000000001000000000001000000000000000000000000000000000001
0001000100100000000000000000000000000000000000000000000000000000000000000000010000011000000010000000
0000000000010011100010001000001000000110000000010100000000000001010000000000000000000100000001000000
0100000001000010000000001000000000000110000000000001000000000001000000000000000000000000000000000001
0000000000010010100010001000001000000110000000000100000000000001000000000000000000000100000001000000
0000001100001000000000000100000001000000000000000000000000000100000010000000000000011000000010000000
0100000001000010000000001000000000000110000000000001000000000001000000000000000000000000000000000001
0100000001000010000000001000000000000110000000000001000000000001000000000000000000000000000000000001
0000100000010010000010001000001000000110000000100100000000000001000000000000000000000100000001000000
0000001100001000000000000100000001000000000000000000000000000000000010000000000000011000000010001000
1000000100000000000000100000000000010000000001000000000001010000000000000000000000010000000000000000
0000000000010011100010001000001000000110000000010100000000000001000000000000000000000100000001000000
0000100000010010000010001000001000000110000000100100000000000001000001000000000000000100000001000000
1000000100000000000000100000000000010000000001000000000001000000000000000000000000010000000000000000
0000100000010010000010001000001000000110000000100100000000000001000000000000000000000100000001000000
0001000100100000000000000000000000000000000000000000000000000000000000000000000000011000000010000000
1000000100000000000000100001000000010000000001000000000001000000000000000000000000010000000000000000
0001000100100000000000000000000000000000000000000000000000000000000000000000000000011000000010000000
0001000100100000000000000000000000000000000010000000000000000000000000000000000000011000000010000000
0000001100001000000000000100000001000000000000000000000000000000000010000000000000011000000010001000
0000000000010010100010001000001000000110000000010100000000000001000000000000000000000100000001000000
1000000100000000000000100000000000010000000001000000000001000000000000000000000000010000000000000010
1000000100000000000000100000000000010000000001000000000001000000000000000000000000010000000000000010
0000001100001000000000000100000001000000000000000000100000000100000010000000000000011000000010000000
1000000100000000000000100000000000010000000001000000000001000000000000000000000000010000000000000010
0000001100001000000000000100000001000000000000000000100000000100000010100000000000011000000010000000
1000000100000000000000100000000000010000000001000000000001000000000000000000000000010000000000000010
0100000001000010000000001000000000000110000000000001000000000001000000000000000000000000000000000001
0001000100100000000000000000000000000000000100000000000000000000000000000000000000011000000010000000
0001000100100000000000000000000000000000000010000000000000000000000000000000000000011000000010000000
1000000100000000010000100000000000110000000001000000000001000000000000000000000000010000000000000000
0100000001000010000000001000000000000110000000000001000000000001000000000000000000000000000000000001
1000000100000000000000100000000000010000000001000000000001000000000000000000000000010000000000000010
1000000100000000000000100000000000010000000001000000000001000000000000000000000000010000000000000010
0100000001000010000000001000000000000110000000000001000000000001000000000000000000000000000000000001
0000001100001000000000000100000001000000000000000000100000000100000010000000000000011000000010000000
1000000100000000000000100000000010010000100001000000000001000000000000000000100000010000000000000000
0100000001000010000000001000000000000110000000000001000000000001000000000000000000000000000000000001
0000100000010010000010001000001000000110000000100100000000000001000000000000000000000100000001000000
0000000000010010100010001000001000000110000000000100000000100001000000000000000000000100000001010000
0000000000010010100010001000001000000110000000000100000000100001000000000000000000000100000001010000
0100000011000010000000001000000000000110000000000001000000000001000000000000000000000000000000100001
0000001100001000000000000100000001000000000000000010000000000000000110000000000000011000000010000000
1000000100000000000000100000000000010000000001000000000001000000000000000000000000010000000000000010
0100000001000010000000001000000000000110000000000001000000000001000000000000000000000000000000000001
0000000000010010100010001000001000000110000000010100000000000001000000000000000000000100000001000000
1000000100000000000000100000000000010000000001000000000001000000000000000000000000010000000000000000
0000000000010011100010001000001000000110000000010100000000000001000000000000000000000100000001000000
0100000001000010000000001000000000000110000000000001000000000001000000000000000000000000000000000001
1000000100000000000000100000000000010000000001000000001001000000000000000000000000010000000000000000
1000000100000000000000100000000000010000100001000000000001000000000000000000100000010000000000000000
0000000000010010100010001000001000000110000000000100000000000001000000000000000000000100000001000000
0001000100100000000000000000000000000000000000000000000000000000000000000000000000011000000010000000
0000000000010010100010001000001000000110000000000100000000000001000000000000000000000100000001000000
0100000001000010000000001000000000000111000000000001000000000001000000000000000000000000000000000001
0100000011000010000000001000000000000110000000000001000000000001000000000000000000000000000000000001
0000100000010010000010001000001000000110000000100100000000000001000000000000000000000100000001000000
0100000001000010000000001000000000000110000000000001000000000001000000000000000000000000000000000001
1000000100000000000000100000000000010000000001000000000001000000000000000000000000010000000000000100
1000000100000000000000100000000000010000000001000000000001000000000000000000000000010000000000000010
1000000100000000000000100000000000010000000001000000000001000000000000000000000000010000000000000100
0100000001000010000000001000000000000110000000000001000000000001000000000000000000000000000000000001
0100000001000010000000001000000000000110000000000001000000000001000000000000000000000000000000000001
1000000100000000000000100000000000010000100001000000000001000000000000000000100000010000000000000000
0000000000010010100010001000001000000110000000000100000000000001000000000000000000000100000001000000
0100000001000010000000001000000000000110000000000001000000000001000000000000000000000000000000000001
0001000100100000000000000000000000000000000000000000000000000000000000000000010000011000000010000000
0100000001000010000000001000000000000110000000000001000000000001000000000000000000000000000000000001
0000100000010010000010001000001000000110000000100100000000000001000000000000000000000100000001000000
0100010001000010000000001000000000000110000000000001000000000001000000000000000000000000000000000001
1000000100000000000000100000000000010000000001000000000001000000000000000000000000010000000000000000
0000000000010011100010001000001000000110000000010100000000000001000000000000000000000100000001000000
0001000100100000000000000000000000000000000000000000000000000000000000000000000000011000000010000000
1000000100000000000000100000000000010000000001000000000001000000000000000000000000010000000000000100
0000100000010010000010001000001000000110000000100100000000000001000000000000000000000100000001000000
0100000001000010000000001000000000000110000000000001000000000001000000000000000000000000000000000001
0100000001000010000000001000000000000110000000000001000000000001000000000000000000000000010000000001
0000000000010010100010001000001000000110000000000100000000100001000000000000000000000100000001010000
1000000100000000000000100000000000010000000001000000000001010000000000000000000000010000000000000000
0100000001000010000000001000000000000110000000000001000000000001000000000000000000000000000000000001
0000000000010010100010001000001000000110000000000100000000000001000000000000000000000100000001000000
0100000001000010000000001000000000000110000000000001000000000001000000000000000000000000000000000001
0100000011000010000000001000000000000110000000000001000000000001000000000000000000000000000000000001
1000000100000000000000100000000000010000100001000000000001000000000000000000100000010000000000000000
1000000100000000000000100000000000010000000001000000000001000000000000000000000000010000000000000000
0001000100100000000000000000000000000000000000000000000000000000000000000000010000011000000010000000
0000100000010010000010001000001000000110000000100100000000000001000000000000000000000100000001000000
0001000100100000000000000000000000000000000000000000000000000000000000000000010000011000000010000000
0000001100001000000000000100000001000000000000000000100000000100000010000000000000011000000010000000
0000001100001000000000000100000001000000000000000010000000000000000010000000000000011000000010000000
0000001100001000000000000100000001000000000000000000100000000100000010000000000000011000000010000000
0100000001000010000000001000000000000110000000000001000000000001000000000000000000000000000000000001
1000000100000000000000100000000000010000100001000000000001000000000000000000100000010000000000000000
0000001100001000000000000100000001000000000000000000000000000000000010000000000000011000000010001000
0001000100100000000000000000000000000000000010000000000000000000000000000000000000011000000010000000
0000001100001000000000000100000001000000000000000000100000000100000010000000000000011000000010000000
0000000000010011100010001000001000000110000000010100000000000001000000000000000000000100000001000000
1000000100000000000000100000000000010000000001000000000001000010000000000100000000010000000000000000
1000000100000000000000100000000000010000000001000000000001000000000000000000000000010000000000000100
0001000100100000000000000000000000000000000000000000000000000000000000000000000000011000000010000000
0100000001000010000000001000000000000110000000000001000000000001000000000000000000000000000000000001
0000001100001100001000000000000001001000001000000000000000000000000000001000000001011000101010000000
0001000100100000000000000000000000000000000000000000000000000000000000000000000000011000000010000000
0000000000010010100010001000001000000110000000000100000000000001000000000000000000000100000001000000
0000000000010011100010001000001000000110000000010100000000000001000000000000000000000100000001000000
0000000000010010100010001000001000000110000000000100000000000001000000000000000000000100000001000000
0100000001000010000000001000000000000110000000000001000000000001000000000000000000000000000000000001
0100000001000010000000001000000000000110000000000001000000000001000000000000000000000000000000000001
0100000001000010000000001000000000000110000000000001000000000001000000000000000000000000000000000001
1000000100000000000000100000000000010000000001000000000001000000000000000000000000010000000000000100
1000000100000000000000100000000000010000000001000000000001000000000000000000000000010000000000000100
0000100000010010000010001000001000000110000000100100000000000001000000000000000000000100000001000000
1000000100000000000000100000000000010000100001001000000001000000000000000000100000010000000000000000
0000000000010011100010001000001000000110000000010100000000000001000000000000000010000100000001000000
0001000100100000000000000000000000000000000000000000000000000000000000000000000000011000000010000000
0000001100001000000000000100000001000000000000000000000000000000000010000000000000011000000010001000
0000000000010010100010001000001000000110000000010100000000000001000000000000000000000100000001000000
1000000100000000000000100000000000010000000001000000000001000000000000000000000000010000000000000010
0100000001000010000000001000000000000110000000000001000000000001000000000000000000000000000000000001
0000001100001000000000000100000001000000000000000000100000000100000010000000000000011000000010000000
1000000100000000000000100000000010010000100001000000000001000000000000000000100000010000000000000000
0000001100001100001000000000000001000000001000000000000000000000000000001000000001011000101010000000
0000100000010010000010001000001000000110000000100100000000000001000000000000000000000100000001000000
1000000100000000000000100000000000010000000001000000000001000000000000000000000000010000000000000010
1000000100000000000000100000000000010000100001001000000001000000000000000000100000010000000000000000
0100000001000010000000001000000000000110000000000001000000000001000000000000000000000000000000000001
0000000000010010100010001000001000000110000000000100000000000001000000000000000000000100000001000000
1000000100000000000000100000000000010000000001000000000001000000000000000000000000010000000000000000
0000000000010010100010001000001000000110000000000100000000000001000000000000000000000100000001000000
0100010001000010000000001000000000000110000000000001000000000001000000000000000000000000000000000001
1000000100000000000000100000000000010000000001000000000001000010000000000100000000010000000000000000
0100000001000010000000001000000000000110000000000001000000000001000000000000000000000000000000000001
0100000001000010000000001000000000000110000000000001000000000001000000000000000000000000000000000001
0100000001000010000000001000000000000111000000000001000000000001000000000000000000000000000000000001
0000000000010010100010001000001000000110000000010100000000000001000000000000000000000100000001000000
0000000000010010100010001000001000000110000000010100000000000001000000000000000000000100000001000000
0000100000010010000010001000001000000110000000100100000000000001000000000000000000000100000001000000
0000000000010010100010001000001000000110000000010100000000000001000000000000000000000100000001000000
0100000001000010000000001000000000000110000000000001000000000001000000000000000000000000000000000001
1000000100000000000000100000000000010000000001000000000001000000000000000000000000010000000000000010
1000000100000000000000100000000000010000000001000000010001000000000000000001000000010000000000000010
1000000100000000000000100000000000010000000001000000000001000000000000000000000000010000000000000000
0100000011000010000000001000000000000110000000000001000000000001000000000000000000000000000000000001
1000000100000000000000100000000000110000000001000000000001000000000000000000000000010000000000000000
1000000100000000000000100000000000010000100001000000000001000000000000000000100000010000000000000000
1000000100000000000000100000000000010000100001000000000001000000000000000000100000010000000000000000
1000000100000000000000100000000000010000000001000000000001000000000000000000000000010000000000000010
0000000000010011100010001000001000000110000000010100000000000001000000000000000000000100000001000000
0000100000010010000010001000001000000110000000100100000000000001000001000000000000000100000001000000
0000000000010010100010001000001000000110000000000100000000000001000000000000000000000100000001000000
0100000001000010000000001000000000000110000000000001000000000001000000000000000000000000000000000001
0100000001000010000000001000000000000110000000000001000000000001000000000000000000000000000000000001
0000000000010011100010001000001000000110000000010100000000000001000000000000000000000100000001000000
0000000000010010100010001000001000000110000000000100000000000001000000000000000000000100000001000000
1000000100000000000000100000000000010000100001001000000001000000000000000000100000010000000000000000
0000001100001000000000000100000001000000000000000010000000000000000110000000000000011000000010000000
1000000100000000000000100000000000010000000001000000010001000000000000000001000000010000000000000010
0100000001000010000000001000000000000110000000000001000000000001000000000000000000000000000000000001
0100000001000010000000001000000000000110000000000001000000000001000000000000000000000000000000000001
0000001100001000000000000100000001000000000000000010000000000000000110000000000000011000000010000000
1000000100000000000000100000000000010000000001000000000001000010000000000100000000010000000000000000
1000000100000000000000100000000000010000100001000000000001000000000000000000100000010000000000000000
1000000100000000000000100000000000010000000001000000000001000000000000000000000000010000000000000100
1000000100000000000000100000000000010000000001000000000001000000000000000000000000010000000000000010
1000000100000000000000100000000000010000100001000000000001000000000000000000100000010000000000000000
1000000100000000000000100000000000010000100001000000000001000000001000000000100000010000000000000000
0000001100001000000000000100000001000000000000000000000000000000000010000000000000011000000010001000
0000000000010011100010001000001000000110000000010100000000000001000000000000000000000100000001000000
1000000100000000000000100000000000010000000001000000000001000000000000000000000000010000000000000100
0000001100001000000000000100000001000000000000000000000000000000000010000000000000011000000010001000
0000001100001000000000000100000001000000000000000000000000000000000010000000000000011000000010001000
0000000000010010100010001000001000000110000000000100000000000001000000000000000000000100000001010000
0100000001000010000000001000000000000110000000000001000000000001000000000000000000000000000000000001
1000000100000000000000100000000000010000000001000000000001000000000000000000000000010000000000000000
0000000000010010100010001000001000000110000000010100000000000001000000000000000000000100000001000000
1000000100000000000000100000000000010000000001000000000001000000000000000000000000010000000000000100
0001000100100000000001000010000000000000000000000000000000000000000000000000000000011000000010000000
0100000001000010000000001000000000000110000000000001000000000001000000000000000000000000000000000001
0000001100001100001000000000000001000000001000000000000000000000000000001000000001011000101010000000
0100000001000010000000001000000000000110000000000001000000000001000000000000000000000000000100000001
0000000000010011100010001000001000000110000000010100000000000001000000000000000000000100000001000000
0100000011000010000000001000000000000110000000000001000000000001000000000000000000000000000000100001
0001000100100000000001000010000000000000000000000000000000000000000000000000000000011000000010000000
0100000001000010000000001000000000000110000000000001000000000001000000000000000000000000000000000001
0001000100100000000000000000000000000000000000000000000000000000000000000000010000011000000010000000
1000000100000000000000100000000000010000000001000000000001000000000000000000000000010000000000000000
0001000100100000000000000000000000000000000000000000000000000000000000000000000000011000000010000000
0100000001000010000000001000000000000110000000000001000000000001000000000000000000000000000000000001
0100000001000010000000001000100000000110000000000001000000000001000000000000000000000000000000000001
1000000100000000000000100000000000010000100001000000000001000000000000000000100000010000000000000000
0100000001000010000000001000000000000110000000000001000000000001000000000000000000000000000000000001
1000000100000000000000100000000000010000000001000000000001000000000000000000000000010000000000000000
0000100000010010000010001000001000000110000000100100000000000001000000000000000000000100000001000000
0000000000010010100010001000001000000110000000000100000000000001000000000000000000000100000001000000
1000000100000000000000100000000000010000100001000000000001000000000000000000100000010000000000000000
0100000001000010000000001000000000000110000000000001000000000001000000000000000000000000000000000001
0000000000010010100010001000001000000110000000000100000000000001000000000000000000000100000001000000
0100000001000010000000001000000000000110000000000001000000000001000000000000000000000000000000000001
0000000000010010100010001000001000000110000000000100000000000001000000000000001000000100000001000000
1010000100000000000000100000000000010000000001000000000001000000000000000000000000010000000000000000
0100000001000010000000001000000000000110000000000001000000000001000000000000000000000000000000000001
1000000100000000000000100000000000010000000001000000000001000000000000000000000000010000000000000000
0100000001000010000000001000000000000110000000000001000000000001000000000000000000000000000000000001
0000001100001000000000000100000001000000000000000000000000000000000010000000000000011000000010000000
0100000001000010000000001000000000000110000000000001000000000001000000000000000000000000000000000001
