./ms 500 1 -t 5 -s 100 
1059 36836 55053

//
prob: 1.26154e-19
segsites: 100
positions: 0.0014 0.0426 0.0460 0.0504 0.0659 0.0727 0.0893 0.0933 0.0941 0.0987 0.0988 0.1004 0.1369 0.1441 0.1463 0.1568 0.1604 0.1612 0.1696 0.1784 0.1791 0.1865 0.1897 0.1995 0.2013 0.2132 0.2183 0.2247 0.2344 0.2891 0.2925 0.3193 0.3271 0.3414 0.3420 0.3522 0.3557 0.3591 0.3797 0.3931 0.3953 0.4007 0.4049 0.4072 0.4096 0.4135 0.4223 0.4266 0.4373 0.4528 0.4531 0.4613 0.4628 0.4677 0.4726 0.4846 0.4956 0.5005 0.5084 0.5201 0.5581 0.5650 0.5674 0.5804 0.5985 0.6160 0.6164 0.6592 0.6646 0.6658 0.6682 0.6756 0.6838 0.6909 0.6942 0.7103 0.7203 0.7304 0.7396 0.7536 0.7564 0.7835 0.8155 0.8300 0.8438 0.8604 0.8669 0.8697 0.8705 0.8729 0.8793 0.9019 0.9043 0.9048 0.9130 0.9281 0.9378 0.9393 0.9699 0.9923 
0000000000101000010000010000010100000010100010000000010000000000000000010000001010000000001000000010
0001000000000000000000000000000000011000000001000000000000000110000000000001100100100000000000100000
0001000000000000000000000000000000010000000001000000000000000110000000000001100100100000000000100000
0000000000101000010000010000010100000010100000000100010000000000000001010000001010000100001000000010
0001000000000000000000000000000000011001000001000000000000000110000000000001100100100000000000100000
0000000000101000010000010000010100000010100000000100010000000000000001010000001010000100001000000010
0001000000000000000000000000000000011000000001000000000000000110000010000001100100100000000000100000
0001000000000000000000000001000000010000000101000000000000000110000000000001000101100000000100100000
0000000000101000010000010000010100000010100000000000010000000000000000010000001010000000001000000010
0001000000000000000000100000000000010000000001000000000000000110000000000001100100100000000000100000
0000000000101000010000010000010100000010100000000000010000000000000000010000001010000000001000000010
0101000000000000000000000000000000011000000001000000000000000110000000000001100100100000000000100000
0000000000101000010000010000010100000010100000010000010000000000000001010100001010000000001000000010
0001000000000000000000000000000000011000000001000000000010000110000000000001100100100000000000100000
0000000000101000010000010000010100000010100000000000010000000000000000010000001010000000001000000010
0000000000101000010000010000010100000010100000000100010000000000000001010000001010000100001000000010
0001000000000000000000000000000000011001000001000000000000000110000000000001100100100000000000100000
1000000000010000000010000000000011110100000001000000001000000000100000000010010100000000100010100000
0001000000000000000000000000000000011000000001000000000000000110000000000001100100100000000000100000
0001000000000000000000000000000000011000000001000000000000000110000000000001100100100000000000100000
0000000000101000010000010000010100000010100000000000010000000000000001010100001010000000001000000010
0001000000000000000100000000000000011000000001000000000010000110000000000001100100100000000000100000
0000000000101000010000010000010100000010100000000000010000000000010001010000001010000000001000000010
0001000000000000000000000000000000011000000001000000000010000110000000000001100100100000000000100000
0001010001000000000000000000000000010000000001000000000000000100000100000000000100100011000000100000
0001000000000000000000000001000000010000000101000000000000000110000000000001000101100000000100100000
0000000000101001010000010000010100000010100000000000010000000000000000010000001010000000001000000010
0001010001000000000000000000000000010000000001000000000000000100000100000000000100100001000000100000
0000000000101000010000010000010100000010100000000000010000000000010001010000001010000000001000000010
0001010001000000000000000000000000010000000001000000000000000100000100000000000100100001000000100000
0000000000101001010000010000010100000010100000000000010000000000000000010000001010000000001000000010
0001000000000000000000000000000000011000000001000000000010000110000000000001100100100000000000100000
0000000000101000010000010000010100000010100000000000010000000000000000010000001010000000001000000010
0001000000000000000000000000000000011000000001000000000000000110000000000001100100100000000000100000
0001000000000000000000000000000000010000000001000000000000000110000000000001100100100000000000100000
0000000000101000010000010000010100000010100000000000010000000000000001010000001010000000001000000010
0000000000101000010000010000010100000010100000000000010000000000010001010000001010000000001000000010
0001000000000000000000000000000000011000000001000000000010000110000000000001100100100000000000100000
1000000000000000000010000010001010010100000001001000001000000000100000000010000100000000100001100000
0000000000101000010000010000010100000010100010000000010000000000000000010000001010000000001000000010
0001000000000000000100000000000000011000000001000000000010000110000000000001100100100000000000100000
0000000000101000010000010000010100000010100000000000010000000000000000010000001010000000001000000010
1000000000010000000010000000000011110100000001000000001000000000100000000010010100000000100010100000
0000000000101000010000010000010100000010100010000000010000000000000000010000001010000000001000000010
0001010001000000000000000000000000010000000001000000000000000100000100000000000100100011000000100000
0000000000101000010000010000010100000010100000000000010000000000010001010000001010000000001000000010
0000000000101000010000010000010100000010100000000000010000000000000001010000001010000000001000000010
0001000000000000000000000000000000010000000001000000000000100110000000000001100100100000000000100000
0000000000101000010000010000010100000010100000000000010000000000010001010000001010000000001000000010
0000000000101001010000010000010100000010110000000000010000000000000000010000001010000000001000000010
0001000000000000000000000001000000010000000101000000000000000110001000000001000101100000000000100000
0001000000000000000000000000000000011000000001000000000000000110000000000001100100100000010000100000
0001010001000000000000000000000000010000000001000000000000000100000100000000000100100001000000100000
0001000000000000000000000000000000011000000001000000000000000110000000000001100100100000000000100000
0001000000000000000000000001000000010000000101000000000000000110000000000001000101100000000000110000
0000000000101000010000010000010100000010100000000000010000000000000000010000001010000000001000000010
0000000000101000010000010000010100000010100000000000010000000000000000010000001010000000001000000010
0001010001000000000000000000000000010000000001000000000000000100000100000000000100100011000000100000
0001010001000000000000000000000000010000000001000000000000000100000100000000000100100011000000100000
0000000000101000010000010000010100000010100010000000010000000000000000010000001010000000001000000010
1000000000010000000010000000000011110100000001000000001000000000100000000010010100000000100010100000
0001000000000000000000000000000000011000000001000000000000000110000000000001100100100000000000100000
0001010001000000000000000000000000010000000001000000000000000100000100000000000100100011000000100000
0000000000101000010000010000010100000010100010000000010000000000000000010000001010000000001000000010
0001000000000000000000000001000000010000000101000000000000000110000000000001000101100000000100100000
1000000000000000000010000010001010010100000001001000001000000000100000000010000100000000100001100000
0001000000000000000000000000000000011000000001000000000000000110000000000001100100100000000000100000
0000000000101000010000010000010100000010100000000000010000000001000000010000001010000000001000000010
0001000000000000000000000001000000010000000101000000000000000110001000000001000101100000000000100000
0000000000101000010000010000010100000010100000000000010000000000000000010000001010000000001000000010
1000000000010000000010000000000011110100000001000000001000000000100000000010010100000000100010100000
0000000000101000010000010000010100000010100000000000010000000000010001010000001010000000001000000010
0001000000000000000000100000000000010000000001000000000000000110000000000001100100100000000000100000
0000000000101000010000010000010100000010100010000000010000000000000000010000001010000000001000000010
0000000000101000010000010000010100000010100000000000010000000000000001010100001010000000001000000010
0000000000101001010000010000010100000010100000000000010000000000000000010000001010000000001000000010
0001000000000000000000000000000000010000000001000000000000000110000000000001100100100000000000100000
0000001000101000010000010000010100000010100000000000010000000000010001010000001010000000001000000010
0001010001000000000001000000000000010000000001000000000000000100000100000000000100100011000000100000
0000000000101000010000010000010100000010100000000100010000000000000001010000001010000100001000000010
0000000000101000010000010000010100000010100000000000010000000000000000010000001010000000001000000010
0000000000101000010000010000010100000010100000000000010000000000000000010000001010000000001000000010
0001000000000000000000000000000000010000000001000000000000000110000000000001100100100000000000100000
0001010001000000000000000000000000010000000001000000000000000100000100000000000100100011000000100000
0001000000000000000000000000000000011000000001000000000010000110000000000001100100100000000000100000
0001000000000000000000000000000000011000000001000000000000000110000000000001100100100000000000100000
0001000000000000000000000000000000011000000001000000000000000110000000000001100100100000000000100000
0001000000000000000000000000000000011001000001000000000000000110000000000001100100100000000000100000
0000000000101000010000010000010100000010100000000100010000000000000001010000001010000100001000000010
0001000000000000000000000000000000011000000001000000000010000110000000000001100100100000000000100000
0000000000101000010000010000010100000010100000000000010000000000000000010000001010000000001000000010
0001000000000000000000000000000000011000000001000000000010000110000000000001100100100000000000100000
0000000000101000010000010000010100000010100000000000010001000000000000010000001010000000001000000010
0001000000000000000000000000000000011000000001000000000010000110000000000001100100100000000000100000
0000000000101000010000010000010100000010100010000000010000000000000000010000001010000000001000000010
0000001000101000010000010000010100000010100000000000010000000000010001010000001010000000001000000010
0001000000000000000000000000000000011000000001000001000010000110000000000001100100100000000000100000
0000000000101000010000010000010100000010100000000000010000000000000000010000001010000000001000000010
0000000000101001010000010000010100000010100000000000010000000000000000010000001010000000001000000010
0000000000101000010000010000010100000010100010000000010000000000000000010000001010000000001000000010
0001010001000000000000000000000000010000000001000000000000000100000100000000000100100001000000100000
0000000000101000010000010000010100000010100000000100010000000000000001010000001010000100001000000010
0001000000000000000000000001000000010000000101000000000000000110000000000001000101100000000000110000
1000000000010000000010000000000011110100000001000000001000000000100000000010010100000000100010100000
0000000000101000010000010000010100000010100000000000010000000000000000010000001010000000001000000010
0001000000000000000000000000000000011000000001000000000010000110000000000001100100100000000000100000
0000000000101000010000010000010100000010100010000000010000000000000000010000001010000000001000000010
0000000000101000010000010000010100000010100000000000010000000000000000010000001010000000001000000010
0001000000000000000000000000000000011000000001000000000010000110000000000001100100100000000000100000
0000000000101000010000010000010100000010100000000000010000000000000001010100001010000000001000000010
1000000000010000000010000000000011110100000001000000001000000000100000000010010100000000100010100000
0000000000101000010000010000010100000010100010000000010000000000000000010000001010000000001000000010
0001000000000000000000000001000000010000000101000000000000000110000000000001000101100000000000110000
0001000000000000000000000000000000011000000001000000000000000110000000000001100100100000000000100000
0000000000101000010000010000010100000010100010000000010000000000000000010000001010000000001000000010
0000000000101000010000011000010100000010100000000000010001000000000000010000001010000000001000000010
1000000000000000000010000010001010010100000001001000001000000000100000000010000100000000100001100000
0000000000101000010000010000010100000010100000000000010000000000000000010000001010000000001000000010
0000000000101000010000010000010100000010100010000000010000000000000000010000001010000000001000000010
0001010001000000000000000000000000010000000001000000000000000100000100000000000100100001000000100000
0001000000000000000000000000000000011000000001000000000010000110000000000001100100100000000000100000
0000000000101000010000010000010100000010100000000000010000000000000000010000001010000000001000000010
0000000000101001010000010000010100000010100000000000010000000000000000010000001010000000001000000010
0011010001000000000000000000000000010000000001000000000000000100000100000000000100100001000000100000
0001000000000000000000000000000000011000000001000000000000000110000000000001100100100000000000100000
0001000000000000000000000000000000011001000001000000000000000110000000000001100100100000000000100000
0001010001000000000000000000000000010000000001000000000000000100000100000000000100100001000000100000
0000000000101000010000010000010100000010100000000100010000000000000001010000001010000100001000000010
1000000000000000000010000010001010010100000001001000001000000000100000000010000100000000100001100000
0000000000101000010000010000010100000010100000000100010000000000000001010000001010000100001000000010
0001010001000000000000000000000000010000000001000000000000000100000100000000000100100011000000100000
0000000000101000010000010000110100000010100000000000010000000000010001010000001010000000001000000010
0101000000000000000000000000000000011000000001000000000000000110000000000001100100100000000000100000
0000000000101000010000010000110100000010100000000000010000000000010001010000001010000000001000000010
0001010001000000000000000000000000010000000001000000000000000100000100000000000100100001000000100000
0000000000101000010000010000010100000010100000000100010100000000000001010000001010000100001000000010
0000000000101000010000010000010100000010100000000000010000000000000001010000001010000000001000000010
0001000000000000000000000001000000010000000101000000000000000110000000000001000101100000000000110000
0001000000000000000000000000000000011000000001000000000000000110000000000001100100100000000000100000
0000000000101000010000010000010100000010100000000000010000000000000000010000001010000000001000000010
0001000000000000000000000000000000011000000001000000000000000110000000000001100100100000000000100000
0001000000000000000000000000000000011000000001000000000000000110000000000001100100100000000000100000
0000000000101000010000010000010100000010100000000000010000000000000000010000001010000000001000000010
0000000000101000010000010000010100000010100000000000010000000000000000010000001010000000001000000010
0001010001000000000000000000000000010000000001000000000000000100000100000000000100100001000000100000
0001000000000000000000000000000000011000000001000000000000000110000000000001100100100000000000100000
0001010001000000000000000000000000010000000001000000000000000100000100000000000100100011000000100000
0000000000101000010000010000010100000010100000000000010000000000010001010000001010000000001000000010
0000000000101000010000010000010100000010100000000000010000000000000001010100001010000000001000000010
0001010001000000000000000000000000010000000001000000000000000100000100000000000100100011000000100000
0001000000000000000000000000000000011000000001000000000000000110000000000001100100100000000000100000
0001000000000000000000000000000000011000000001000000000000000110000000000001100100100000000000100000
0001000000000000000000000001000000010000000101000000000000000110001000000001000101100000000000100000
0000000000101000010000010000010100000010100010000000010000000000000000010000001010000000001000000010
1000000000010000000010000000000011110100000001000000001000000000100000000010010100000000100010100000
0000000000101000010000010000010100000010100000000000010000000000000000010000001010000000001000000010
0001000000000000000000000000000000011000000001000000000000000110000000000001100100100000000000100000
0000000000101000010000010000010100000010100000000000010000000000000001010100001010000000001000000010
0001000000000000000000000000000000011000001001000000000000000110000000000001100100100000000000100000
0000000000101000010000010000010100000010100000000000010000000000000000010000001010000000001000000010
0001000000000000000000000000000000011000000001000000000010000110000000000001100100100000000000100000
0001010001000000000000000000000000010000000001000000000000000100000100000000000100100001000000100000
0001000000000000000000000000000000011000000001000000000010000110000000000001100100100000000000100000
0000000000101000010000010000010100000010100010000000010000000000000000010000001010000000001000000010
0001000000000000000000000000000000011000000001000000000000000110000000000001100100100000000000100000
0000000000101000010000011000010100000010100000000000010001000000000000010000001010000000001000000010
0001010001000000000000000000000000010000000001000000000000000100000100000000000100100001000000100000
0001000000000000000000000001000000010000000101000000000000000110001000000001000101100000000000100000
0000100000101001010000010000010100000010100000000000010000000000000000010000001010000000001000000010
0001000000000000000000000000000000011000000001000000000000000110000000000001100100100000000000100000
0001000000000000000000000001000000010000000101000000000000000110000000000001000101100000000000110000
0000000000101000010000010000010100000010100000000000010000000000000000010000001010000000001000000010
0001010001000000000000000000000000010000000001000000000000000100000100000000000100100011000000100000
0000000000101000010000010000010100000010100000000000010000000000000001010000001010000000001000000010
0011010001000000000000000000000000010000000001000000000000000100000100000000000100100001000000100000
0001000000000000000000000000000000011000000001000000000000000110000000000001100100100000000000100000
0000000000101000010000010000010100000010100000000000010000000000000000010000001010000000001000000010
0000000000101000010000010000010100000010100000000000010000000000010001010000001010000000001000000010
0001000000000000000000000000000000010000000001000000000000000110000000000001100100100000000000100000
0000000000101000010000010000010100000010100000000000010000000000000000010000001010000000001000000010
0101000000000000000000000000000000011000000001000000000000000110000000000001100100100000000000100000
0001000000000000000000000000000000011000000001000000000000000110000000000001100100100000000000100000
0000000000101000010000010000010100000010100000000000010000010000000001010100001010000000001000000010
0001010001000000000000000000000000010000000001000000000000000100000100000000000100100011000000100000
1000000000010000000010000000000011110100000001000000001000000000100000000010010100000000100010100000
0001000000000000000000000000000000011000000001000000000000000110000000000001100100100000000000100000
0000000000101000010000010000010100000010100000000000010000000000000000010000001010000000001000000010
0000000000101001010000010000010100000010100000000000010000000000000000010000001010000000001000000010
0000000000101000010000010000010100000010100000000000010000000000000001010100001010000000001000000010
0001000000000000000000000000000000011000000001000000000000000110000000000001100100100000000000100000
0001000000000000000000000000000000011000000001000000000000000110000000000001100100100000000000100000
0000000000101000010000010000010100000010100000000000010000000000000000010000001010000000001000000010
0001000000000000000000000000000000011000000001000000000010000110000000000001100100100000000000100000
1000000000000000000010000010001010010100000001001000001000000000100000000010000100000000100001100000
0001010001000000000000000000000000010000000001000000000000000100000100000000000100100011000000100000
0000000000101000110000010000010100000010100000000000010001000000000000010000001010000000001000000010
0000000000101000010000010000010100000010100010000000010000000000000000010000001010000000001000000010
0001000000000000000000000000000000010000000001000000000000000110000000000001100100100000000000100000
0001000000000000000000000000000000011000000001000000000000000110000000000001100100100000000000100000
0001000000000000000000100000000000010000000001000000000000000110000000000001100100100000000000100000
0000000000101000010000010000010100000010100000000000010000000000010001010000001010000000001000000010
0000000000101000010000010000010100000010100010000000010000000000000000010000001010000000001000000010
0000000000101000010000010000010100000010100010000000010000001000000000010000001010000000001000000010
0000000000101000010000010000010100000010100000000000010000000000000000010000001010000000001000000010
0001000000000000000000000000000000011000000001000000000000000110000000000001100100100000000000100000
0000000000101000010000010000010100000010100000000000010001000000000000010000001010000000001000000010
0000000000101000010000010000010100000010100000000000010000000000000000010000001010000000001000000010
1000000000000000000010000010001010010100000001001000001000000000100000000010000100000000100001100000
0001000000000000000000000000000000011000000001000000000010000110000000000001100100100000000000100000
0101000000000000000000000000000000011000000001000000000000000110000000100001100100100000000000100000
0000000000101000010000010000010100000010100010000000010000001000000000010000001010000000001000000010
0000000000101001010000010000010100000010100000000000010000000000000000010000001010000000001000000010
0000000000101000011000011000010100000010100000000000010001000000000000010000001010000000001000000010
0000000000101000010000010000010100000010100010000000010000000000000000010000001010000000001000000010
0000000000101000010000010000110100000010100000000000010000000000010001010000001010000000001000000010
0001010001000000000000000000000000010000000001000000000000000100000100000000000100100001000000100000
0001000000000000000000000001000000010000000101000000000000000110000000000001000101100000000100100000
0000000000101000010000011000010100000010100000000000010001000000000000010000001010000000001000000010
0001000000000000000000000000000000011000000001000000000000000110000000000001100100100000000000100000
0001010001000000000000000000000000010000000001000000000000000100000100000000000100100001000000100000
0001010001000000000000000000000000010000000001000000000000000100000100000000000100100001000000100000
0000000000101000010000010000010100000010100000000000010000000000000000010000001010000000001000000010
0000000000101000010000010000010100000010100000000000010000000000000000010000001010000000001000000010
0000000000101000010000010000010100000010100000000000010000000000010001010000001010000000001000000010
0001000000000000000000000001000000010000000101000000000000000110000000000001000101100000000000110000
0000000000101000010000010000010100000010100000000000010000000000000000010000001010000000001000000010
0000000000101100010000010000010100000010100010000000010000000000000000010000001010000000001000000010
0000000000101000010000010000010100000010100000000000010000000000000000010000001010000000001000000010
0000000000101000010000010000010100000010100000000000010000000000000000010000001010000000001000000010
0000000000101100010000010000010100000010100010000000010000000000000000010000001010000000001000000010
0000000000101000010000010000010100000010100000000000010000000000000000010000001010000000001000000010
0000000000101000010000010000010100000010100000000000010000000000000001010100001010000000001000000010
0000000000101000010000010000010100000010100000000000010000000000000001010000001010000000001000000010
0001000000000000000000000000000000011000000001000000000010000110000000000001100100100000000000100000
0000000000101000010000010000010100000010100000000000010000000000000000010000001010000000001000000010
0000000000101000010000010000010100000010100010000000010000000000000000010000001010000000001000000010
0000000000101000010000010000010100000010100010000000010000000000000000010000001010000000001000000010
0000000000101000010000010000010100000010100000000000010000000000000000010000001010000000001000000010
0000000000101000010000010000010100000010100000000010010001000000000000010000001010000000001000000010
1000000000000000000010000010000010010100000001001000001000000000100000000010000100000000100000100000
0001010001000000000000000000000000010000000001000000000000000100000100000000000100100001000000100000
0000000000101000010000010000010100000010100000000000010000000000000001010000001010000000001000000010
0000000000101000010000010000010100000010100010000000010000000000000000010000001010000000001000000010
0001000000000000000000000000000000010000000001000000000000000110000000000001100100100000000000100000
0000001000101000010000010000010100000010100000000000010000000000010001010000001010000000001000000010
1000000000010000000010000000000011110100000001000000001000000000100000000010010100000000100010100000
0000000000101000010000010000010100000010100000000000010000000000010001010000001010000000001000000010
0001000000000000000000000000000000011000000001000000000000000110000000000001100100100000000000100000
0001010001000000000000000000000000010000000001000000000000000100000100000000000100100001000000100000
0000000000101000010000010000010100000010100000000000010000000000010001010000001010000000001000000010
0000000000101001010000010000010100000010100000000000010000000000000000010000001010000000001000000010
0000000000101000010000010000010100000010100000000000010000000000000000010000001010000000001000000010
0000000000101000010000010000010100000010100000000000010000000000000000010000001010000000001000000010
0001000000000000000000000000000000011000000001000000000000000110000000000001100100100000000000100000
0000000000101010010000010000010100000010100000000000010000000000000000010000001010000000001000000010
0000000000101001010000010000010100000010100000000000010000000000000000010000001010000000001000000010
0001000000000000000000000000000000011000000001100000000000000110000000000001100100100000010000100000
0001000000000000000000000000000000011000000001000000000000000110000000000001100100100000000000100000
0000000000101000010000010000010100000010100000000000010000000000000000010000001010000000001000000010
0000000000101000010000010000010100000010100000000000010000000000000000010000001010000000001000000010
0001000000000000000000000000000000011000000001000000000010000110000000000001100100100000000000100000
0001000000000000000100000000000000011000000001000000000010000110000000000001100100100000000000100000
0011010001000000000000000000000000010000000001000000000000000100000100000000000100100001000000100000
0001010001000000000000000000000000010000000001000000000000000100000100000000000100100001000000100000
0000000000101000010000010000010100000010100000000000010000010000000001010100001010000000001000000010
1000000000000000000010000010001010010100000001001000001000000000100000000010000100000000100001100000
0000000000101000010000010000010100000010100000000000010000000000010001010000001010000000001000000010
0101000000000000000000000100000000011000000001000000000000000110000000000001100100100000000000100000
0001000000000000000000000000000000011000000001000000000000000110000000000001100100100000010000100000
0000000000101000010000010000010100000010100000000000010000000000000000010000001010000000001000000010
0000000000101000010000010000010100000010100000000000010000000000010001010000001010000000001000000010
0000000000101000010000010000010100000010100000000000010000000000000000010000001010000000001000000010
0001000000000000000000000000000000010000000001000000000000000110000000000001100100100000000000101000
0001010001000000000000000000000000010000000001000000000000000100000100000000000100100001000000100000
0000000000101000010000010000010100000010100010000000010000000000000000010000001010000000001000000010
0000000000101000010000010000010100000010100000000000010000000000010001010000001010000000001000000010
0001010001000000000000000000000000010000000001000000000000000100000100000000000100100001000000100000
0000000000101000010000010000010100000010100000010000010000000000000001010100001010000000001000000010
0000001000101000010000010000010100000010100000000000010000000000010001010000001010000000001000000010
0001000000000000000000000000000000011000000001000000000000000110000000000001100100100000000000100000
0000000000101000010000010000010100000010100000000000010000000000000000010000001010000000001000000010
0000000000101000010000011000010100000010100000000000010001000000000000010000001010000000001000000010
0001000000000000000000000000000000010000000001000000000000000110000000000001100100100000000000100000
1000000000000000000010000010001010010100000001001000001000000000100000000010000100000000100001100000
0001000000000000000000000000000000011000000001000000000000000110000010000001100100100000000000100000
0000000000101000010000010000010100000010100000000000010000010000000001010100001010000000001000000010
0000000000101000010000010000010100000010100010000000010000001000000000010000001010000000001000000010
0001000000000000000000100000000000010000000001000000000000000110000000000001100100100000000000100000
0001000000000000000000000000000000011000000001000000000010000110000000000001100100100000000000100000
0001000000000000000000000000000000011000000001000000000000000110000000000001100100100000000000100000
0000000000101000010000010000010100000010100000000000010000000000000000010000001010000000001000000010
0001000000000000000000000001000000010000000101000000000000000110000000000001000101100000000100100000
0000000000101000010000010000010100000010100000000000010000000000000000010000001010000000001000000010
1000000000010000000010000000000011110100000001000000001000000000100000000010010100000000100010100000
0000000000101000010000010000010100000010100000000000010000000000000000010000001010000000001000000010
0000000000101000010000010000010100000010100000000000010000000000000000010000001010000000001000000010
0001010001000000000000000000000000010000000001000000000000000100000100000000000100100001000000100000
0011010001000000000000000000000000010000000001000000000000000100000100000000000100100001000000100000
1000000000000000000010000010000010010100000001001000001000000000100000000010000100000000100000100000
0001010001000000000001000000000000010000000001000000000000000100000100000000000100100011000000100000
0000000000101000110000010000010100000010100000000000010001000000000000010000001010000000001000000010
0000000000101000010000010000010100000010100000000000010000000000000000010000001010000000001000000010
0001000000000000000000000000000000011000000001000000000000000110000000000001100100100000000000100000
0000000000101000010000010000010100000010100010000000010000000000000000010000001010000000001000000010
0001000000000000000000000000000000011000000001000000000000000110000000000001100100100000000000100000
0001010001000000000000000000000000010000000001000000000000000100000100000000000100100001000000100000
0001000000000000000000000001000000010000000101000000000000000110001000000001000101100000000000100000
0001010001000000000000000000000000010000000001000000000000000100000100000000000100100011000000100000
0000000000101000010000010000010100000010100000000000010000000000000000010000001010000000001000000010
0001000000000000000000000000000000011000000001000000000000000110000000000001100100100000000000100000
0000000000101000010000010000010100000010100000000000010000000000000000010000001010000000001000000010
0000000000101000010000010000010100000010100000000000010000000000000000010000001010000000001000000010
0001000000000000000000000000000000010000000001000000000000000110000000000001100100100000000000101000
0001000100000000000000000000000000011000000001000000000000000110000000000001100100100000000000100000
0000000000101000010000010000010100000010100000000000010000000000000001010100001010000000001000000010
0000000000101000010000010000010100000010100000000000010001000000000000010000001010000000001000000010
0001000000000000000000000000000000011000000001000000000010000110000000000001100100100000000000100000
0000000000101000010000010000010100000010100000000000010000000000010001010000001010000000001000000010
0000000000101000010000010000010100000010100000000000010000000000000000010000001010000000001000000010
0001000000000000000000000000000000011000000001100000000000000110000000000001100100100000010000100000
0001000000000000000000000001000000010000000101000000000000000110000000000001000101100000000000110000
0000000000101000010000010000010100000010100000000100010000000000000001010000001010000100001000000010
0001000000000000000000000000000000011000000001000000000010000110000000000001100100100000000000100000
0000000000101000010000010000010100000010100000000000010000000000000001010100001010000000001000000010
0001000000000000000000000000000000011000000001000000000000000110000000000001100100100000000000100000
0000000000101000010000010000010100000010100000000000010000010000000001010100001010000000001000000010
1000000000000000000010000010001010010100000001001000001000000000100000000010000100000000100001100000
1000000000010000000010000000000011110100000001000000001000000000100000000010010100000000100010100000
0011010001000000000000000000000000010000000001000000000000000100000100000000000100100001000000100000
0000000000101000010000010000010100000010100000000000010000000000000000010000001010000000001000000010
0001010001000000000000000000000000010000000001000000000000000100000100000000000100100001000000100000
0001010001000000000000000000000000010000000001000000000000000100000100000000000100100001000000100000
0001000000000000000000000000000000011000000001000000000000000110000000000001100100100000000000100000
0001010001000000000000000000000000010000000001000000000000000100000100000000000100100001000000100000
0000000000101000010000010000010100000010100000000000010000000000000001010000001010000000001000000010
0011010001000000000000000000000000010000000001000000000000000100000100000000000100100001000000100000
0000000000101000010000010000010100000010100010000000010000000000000000010000001010000000001000000010
0001010001000000000000000000000000010000000001000000000000000100000100000000000100100001000000100000
0001000000000000000000000000000000011000000001000000000010000110000000000001100100100000000000100000
0001000000000000000000000001000000010000000101000000000000000110001000000001000101100000000000100000
0001000000000000000000000000000000010000000001000000100000000110000000001001100100100000000000100000
0000000000101000010000010000010100000010100000000000010000000000000000010000001010000000001000000010
0000000000101000010000010000010100000010100000000000010000000000000000010000001010000000001000000010
1000000000010000000010000000000011110100000001000000001000000000100000000010010100000000100010100000
0101000000000000000000000000000000011000000001000000000000000110000000000001100100100000000000100000
0000000000101000010000010000010100000010100000000000010000000000000000010000001010000000001000000010
0011010001000000000000000000000000010000000001000000000000000100000100000000000100100001000000100000
0001000000000000000000000000000000011000000001000000000000000110000000000001100100100000000000100000
0001000000000000000000000000000000011000000001000000000000000110000000000001100100100000000000100000
0000000000101000010000010000010100000010100000000100010000000000000001010000001010000100001000000010
0001010001000000000000000000000000010000000001000000000000000100000100000000000100100001000000100000
0001000000000000000000000001000000010000000101000000000000000110000000000001000101100000000100100000
0001000000000000000000000000000000011000000001000000000000000110000000000001100100100000000000100000
0001000000000000000000000000000000011000000001100000000000000110000000000001100100100000010000100000
0000000000101000010000010000010100000010100000000000010000000000000000010000001010000000001000000010
0000000000101000010000010000010100000010100000000000010000000000000000010000001010000000001000000010
0001010001000000000000000000000000010000000001000000000000000100000100000000000100100001000000100000
0001000000000000000000000001000000010000000101000000000000000110000000000001000101100000000100100000
0000000000101001010000010000010100000010100000000000010000000000000000010000001010000000001000000010
0000000000101001010000010000010100000010100000000000010000000000000000010000001010000000001000000010
0000000000101000010000010000010100000010100000000000010000000000010001010000001010000000001000000010
0001000000000000000000000000000000010000000001000000000000000110000000000001100100100000000000101000
0000000000101000010000010000010100000010100000000000010000000000000001010100001010000000001000000010
0101000000000000000000000000000000011000000001000000000000000110000000000001100100100000000000100000
0001000000000000000000000000000000011000000001000000000000000110000010000001100100100000000000100000
0001000000000000000000000001000000010000000101000000000000000110000000000001000101100000000000110000
0001000000000000000000000000000000011000000001000000000010000110000000000001100100100000000000100000
0000000000101001010000010000010100000010100000000000010000000000000000010000001010000000001000000010
0000000000101000010000010000010100000010100000000000010000000000010001010000001010000000001000000010
0000000000101000010000010000010100000010100000000000010000000000000001010100001010000000001000000010
0001010001000000000000000000000000010000000001000000000000000100000100000000000100100001000000100000
0001010001000000000000000000000000010000000001000000000000000100000100000000000100100011000000100000
0001000100000000000000000000000000011000000001000000000000000110000000000001100100100000000000100000
0000000000101000010000010000010100000010100000000000010000000000000000010000001010000000001000000010
0000000000101000010000010000110100000010100000000000010000000000010001010000001010000000001000000010
0001000000000000000000000000000000010000000001000000000000000110000000000001100100100000000000101100
0000000000101000010000010000010100000010100000000000010000010000000001010100001010000000001000000010
0001000000000000000000000000000000011000000001000000000010000110000000000001100100100000000000100000
0101000000000000000000000000000000011000000001000000000000000110000000000001100100100000000000100000
0101000000000000000000000000000000011000000001000000000000000110000000000001100100100000000000100000
0000000000101000010000010000010100000010100010000000010000000000000000010000001010000000001000000010
0000000000101001010000010000010100000010100000000000010000000000000000010000001010000000001000000010
0001000000000000000000000000000000011000000001000000000010000110000000000001100100100000000000100000
0000000000101000010000010000010100000010100000000000010000000000010001010000001010000000001000000010
0001000000000000000000000000000000011000000001000000000000000110000000000001100100100000000000100000
0001000000000000000000000000000000011000000001000000000010000110000000000001100100100000000000100000
0000000000101000010000010000010100000010100000000000010000000000000000010000001010000000001000000010
0001000000000000000000000000000000010000000001000000000000000110000000000001100100100000000000100000
0000000000101000010000010000010100000010100010000000010000000000000000010000001010000000001000000010
0000000000101000010000010000010100000010100000000000010001000000000000010000001010000000001000000010
0001010001000000000000000000000000010000000001000000000000000100000100000000000100100001000000100000
0001000000000000000000000000000000010000000001000000000000000110000000000001100100100000000000101100
0000000000101000010000010000010100000010100010000000010000000000000000010000001010000000001000000010
0001000000000000000000000001000000010000000101000000000000000110001000000001000101100000000000100000
0001000000000000000000000000000000011000000001000000000010000110000000000001100100100000000000100000
0001010001000000000000000000000000010000000001000000000000000100000100000000000100100001000000100000
0001010001000000000000000000000000010000000001000000000000000100000100000000000100100001000000100000
0001000000000000000000000000000000010000000001000000000000000110000000000001100100100000000000101000
0001010001000000000000000000000000010000000001000000000000000100000100000000000100100001000000100000
0001000000000000000000000000000000011000001001000000000000000110000000000001100100100000000000100000
0001000000000000000000000000000000011000000001000000000000000110000000000001100100100000000000100000
1000000000010000000010000000000011110100000001000000001000000000100000000010010100000000100010100000
0001000000000000000000000000000000010000000001000000000000100110000000000001100100100000000000100000
1000000000000000000010000010001010010100000001001000001000000000100000000010000100000000100001100000
0001000000000000000000000000000000011000000001000000000000000110000000000001100100100000000000100000
0001010001000000000000000000000000010000000001000000000000000100000100000000000100100011000000100000
0001000000000000000000000000000000011000000001000000000000000110000000000001100100100000000000100000
0000000000101000010000010000010100000010100000000000010000010000000001010100001010000000001000000010
0001000000000000000000000001000000010000000101000000000000000110000000000001000101100000000000100000
0000000000101000010000010000010100000010100000000000010000000000010001010000001010000000001000000011
0001000000000000000000000000000000011000000001000000000000000110000000000001100100100000000000100000
0001000000000000000000000000000000011000000001100000000000000110000000000001100100100000010000100000
0001000000000000000000000000000000011000000001000000000010000110000000000001100100100000000000100000
0000000000101001010000010000010100000010100000000000010000000000000000010000001010000000001000000010
0001000000000000000000000001000000010000000101000000000000000110001000000001000101100000000000100000
0000000000101000110000010000010100000010100000000000010001000000000000010000001010000000001000000010
0000000000101000010000010000010100000010100010000000010000000000000000010000001010000000001000000010
0001000000000000000000000000000000011000000001000000000000000110000000000001100100100000000000100000
0001010001000000000000000000000000010000000001000000000000000100000100000000000100100001000000100000
1000000000000000000010000010000010010100000001001000001000000000100000000010000100000000100000100000
0000000000101000010000010000010100000010100000000000010000000000000001010100001010000000001000000010
0000000000101000010000010000010100000010100000000100010000000000000001010000001010000100001000000010
0000000000101000010000010000010100000010100000000000010000000000000000010000001010000000001000000010
0001000000000000000000000000000000011000000001000000000000000110000000000001100100100000000000100000
0001000000000000000000000001000000010000000101000000000000000110001000000001000101100000000000100000
0000000000101000010000010000010100000010100000000000010000000000000000010000001010000000001000000010
0001010001000000000000000000000000010000000001000000000000000100000100000000000100100001000000100000
0001000000000000000000000000000000011000000001000000000000000110000000000001100100100000000000100000
1000000000000000000010000010001010010100000001001000001000000000100000000010000100000000100001100000
0101000000000000000000000000000000011000000001000000000000000110000000000001100100100000000000100000
0001010001000000000000000000000000010000000001000000000000000100000100000000000100100001000000100000
0000000000101000010000010000010100000010100000000000010000000000000000010000001010000000001000000010
0001000000000000000100000000000000011000000001000000000010000110000000000001100100100000000000100000
0001000000000000000000000001000000010000000101000000000000000110000000000001000101100000000100100000
0000000000101001010000010000010100000010100000000000010000000000000000010000001010000000001000000010
0001000000000000000000000000000000011000000001000000000000000110000000000001100100100000000000100000
0000000010101001010000010000010100000010100000000000010000000000000000010000001010000000001000000010
0001000000000000000000000000000000011000000001000000000000000110000000000001100100100000010000100000
0001010001000000000000000000000000010000000001000000000000000100000100000000000100100001000000100000
0001000000000000000000000000000000011000000001000000000000000110000000000001100100100000000000100000
0001000000000000000000000000000000011000000001000000000000000110000000000001100100110000000000100000
0001000000000000000000000001000000010000000101000000000000000110000000000001000101100000000000100000
0001000000000000000000000000000000011000000001000000000010000110000000000001100100100000000000100000
0000000000101000010000010000010100000010100000000000010000000000000000010000001010000000001000000010
0000000000101000010000010000010100000010100000000000010000000000000000010000001010000000001000000010
0000000000101000010000010000010100000010100010000000010000000000000000010000001010000000001000000010
0001010001000000000000000000000000010000000001000000000000000100000100000000000100100001000000100000
0101000000000000000000000000000000011000000001000000000000000110000000000001100100100000000000100000
0001000000000000000000000001000000010000000101000000000000000110000000000001000101100000000100100000
0001000000000000000000000000000000011000000001000000000000000110000000000001100100100000000000100000
0001000000000000000000000000000000011000000001000000000010000110000000000001100100100000000000100000
0001000000000000000000000000000000011000000001000000000010000110000000000001100100100000000000100000
0001000000000000000000000000000000010000000001000000000000000110000000000001100100100000000000100000
0000000000101000010000010000010100000010100000000000010000000000000001010100001010000000001000000010
0001000000000000000000000000000000011000001001000000000000000110000000000001100100100000000000100000
0001010001000000000000000000000000010000000001000000000000000100000100000000000100100001000000100000
0000000010101001010000010000010100000010100000000000010000000000000000010000001010000000001000000010
0001010001000000000000000000000000010000000001000000000000000100000100000000000100100001000000100000
0000100000101001010000010000010100000010100000000000010000000000000000010000001010000000001000000010
0001000000000000000000000000000000011000000001000000000000000110000000000001100100100000000000100000
0001000000000000000000000000000000010000000001000000000000000110000000000001100100100000000000100000
0000000000101000010000010000010100000010100000000000010000000000000000010000001010000000001000000010
0001000000000000000000000001000000010000000101000000000000000110001000000001000101100000000000100000
0001010001000000000000000000000000010000000001000000000000000100000100000000000100100001000000100000
0001010001000000000000000000000000010000000001000000000000000100000100000000000100100001000000100000
0000000000101001010000010000010100000010100000000000010000000000000000010000001010000000001000000010
0000000000101000010000010000010100000010100000000000010000000000000001010100001010000000001000000010
0001000000000000000000000000000000011000000001000000000010000110000000000001100100100000000000100000
0000000000101001010000010000010100000010100000000000010000000000000000010000001010000000001000000010
1000000000010000000010000000000011110100000001000000001000000000100000000010010100000000100010100000
0001010001000000000000000000000000010000000001000000000000000100000100000000000100100001000000100000
0000000000101000010000010000010100000010100000000000010000000000000000010000001010000000001000000010
0001010001000000000000000000000000010000000001000000000000000100000100000000000100100001000000100000
0001000000000000000000000001000000010000000101000000000000000110000000000001000101100000000100100000
0000000000101000010000010000010100000010100000000000010000000000010001010000001010000000001000000010
0001000000000000000000000000000000010000000001000000000000000110000000000001100100100000000000101100
0000000000101001010000010000010100000010100000000000010000000000000000010000001010000000001000000010
0000001000101000010000010000010100000010100000000000010000000000010001010000001010000000001000000010
0000000000101000010000010000010100000010100000000100010000000000000001010000001010000100001000000010
0001010001000000000000000000000000010000000001000000000000000100000100000000000100100001000000100000
0000000000101000010000010000010100000010100000000000010000000000000000010000001010000000001000000010
0000000010101001010000010000010100000010100000000000010000000000000000010000001010000000001000000010
0001010001000000000000000000000000010000000001000000000000000100000100000000000100100001000000100000
1000000000010000000010000000000011110100000001000000001000000000100000000010010100000000100010100000
0001000000000000000000000000000000011001000001000000000000000110000000000001100100100000000000100000
0001000000000000000000000000000000011000000001000000000000000110000000000001100100100000000000100000
0001000000000000000000000000000000011000000001000000000010000110000000000001100100100000000000100000
0000000000101000010000010000010100000010100000000100010000000000000001010000001010000100001000000010
0001000000000000000000000001000000010000000101000000000000000110000000000001000101100000000100100000
0001010001000000000000000000000000010000000001000000000000000100000100000000000100100001000000100000
0001000000000000000000100000000000010000000001000000000000000110000000000001100100100000000000100000
0001010001000000000000000000000000010000000001000000000000000100000100000000000100100011000000100000
0001010001000000000000000000000000010000000001000000000000000100000100000000000100101001000000100000
0000000000101000010000010000010100000010100000000000010000000000000000010000001010000000001000000010
0000000000101000010000010000010100000010100000000000010000000000000000010000001010000000001000000010
0000000000101000010000010000010100000010100000000000010000000000000000010000001010000000001000000010
0000000000101000010000010000010100000010100000000100010000000000000001010000001010000100001000000010
0001000000000000000000000000000000011000000001100000000000000110000000000001100100100000010000100000
0000000000101000010000010000010100000010100010000000010000000000000000010000001010000000001000000010
0000000000101000010000010000010100000010100010000000010000000000000000010000001010000000001000000010
